30 177 221 
30 151 219 
27 165 221 
17 198 221 
30 151 217 
125 200 218 
125 183 217 
135 194 220 
125 200 218 
125 179 217 
84 160 218 
84 188 218 
75 204 218 
84 204 217 
88 204 218 
17 193 217 
24 193 221 
89 193 221 
17 193 217 
67 193 221 
48 193 221 
48 160 217 
48 208 221 
48 160 220 
3 216 219 
103 193 221 
1 201 218 
66 151 221 
103 151 220 
103 165 221 
113 212 217 
46 148 217 
105 152 218 
71 148 217 
113 158 217 
92 160 217 
11 160 221 
92 160 218 
25 160 221 
92 160 218 
129 159 218 
22 159 218 
26 186 218 
26 208 218 
26 159 220 
127 186 220 
127 157 221 
127 191 221 
96 186 221 
127 186 220 
35 160 218 
35 160 218 
118 160 221 
35 160 218 
35 162 221 
5 186 219 
79 186 220 
79 186 220 
79 147 219 
79 204 219 
10 154 217 
29 154 217 
32 154 221 
89 154 217 
32 209 217 
73 178 220 
135 186 220 
135 186 220 
121 186 219 
135 186 220 
60 200 219 
115 200 218 
115 192 219 
26 214 220 
115 200 218 
94 173 220 
94 155 218 
94 195 218 
30 173 218 
94 166 218 
29 162 218 
48 162 219 
48 162 221 
100 162 218 
143 162 218 
115 147 219 
115 209 220 
8 209 219 
115 209 217 
59 209 219 
30 158 218 
50 158 219 
50 184 218 
29 158 218 
93 158 218 
62 198 217 
62 200 218 
8 196 217 
62 200 218 
62 200 218 
76 166 220 
76 166 217 
76 164 221 
76 195 221 
76 150 221 
16 182 219 
94 200 218 
137 200 221 
94 200 218 
94 200 218 
112 148 221 
112 197 218 
112 174 221 
112 197 217 
112 195 221 
76 179 217 
25 200 220 
76 154 218 
76 194 217 
76 154 218 
111 151 218 
22 207 219 
22 152 219 
25 162 218 
125 151 218 
79 186 220 
130 156 219 
96 212 218 
79 186 220 
79 215 218 
18 177 221 
18 197 218 
140 177 218 
36 206 221 
18 177 217 
112 201 220 
112 182 219 
112 201 220 
43 201 219 
112 188 219 
19 186 220 
9 186 218 
19 186 220 
57 164 221 
19 186 220 
69 154 221 
69 161 217 
69 154 218 
136 154 217 
69 154 218 
47 202 219 
118 209 220 
72 202 219 
137 202 219 
117 202 219 
3 172 218 
91 172 217 
91 172 220 
91 172 217 
83 172 218 
9 153 221 
125 153 221 
74 153 219 
74 153 217 
111 153 221 
5 185 220 
141 192 218 
122 192 220 
11 157 217 
122 160 218 
17 182 221 
39 165 217 
17 153 220 
17 153 220 
17 214 221 
134 200 218 
3 209 218 
134 199 221 
134 200 218 
134 206 221 
141 151 218 
54 197 221 
98 197 218 
98 151 219 
9 155 221 
113 205 221 
113 172 221 
113 175 221 
113 179 221 
19 151 221 
97 151 218 
5 206 218 
31 151 218 
5 151 220 
58 151 218 
6 153 218 
126 183 220 
6 158 219 
65 158 218 
6 188 218 
65 176 219 
115 154 218 
115 170 220 
115 154 218 
115 154 221 
8 186 221 
135 186 220 
135 186 220 
68 186 221 
135 148 221 
7 160 221 
31 160 221 
98 160 221 
94 160 219 
108 160 221 
51 203 218 
51 176 218 
51 153 219 
51 174 218 
15 189 217 
101 170 220 
101 213 221 
122 162 218 
101 170 220 
78 203 221 
38 154 220 
84 214 220 
84 154 218 
146 154 220 
136 154 220 
112 204 220 
103 202 220 
112 172 220 
122 202 220 
49 202 220 
56 154 219 
96 179 219 
96 207 219 
36 175 217 
85 195 221 
112 211 219 
112 149 219 
112 160 219 
112 200 218 
112 200 218 
6 161 218 
112 156 219 
17 197 219 
125 197 219 
112 210 219 
135 204 218 
78 195 218 
78 191 218 
18 204 218 
78 204 219 
112 162 221 
63 156 220 
125 214 218 
141 156 218 
63 200 218 
107 153 221 
92 153 220 
92 150 221 
134 153 221 
92 153 219 
6 186 219 
78 158 219 
80 186 219 
55 186 219 
15 186 219 
23 198 220 
19 196 220 
96 160 220 
19 196 219 
19 196 219 
15 210 221 
102 210 217 
79 210 221 
7 210 221 
102 202 221 
126 204 221 
53 153 221 
24 157 218 
53 204 220 
53 204 217 
108 154 219 
65 178 219 
65 151 219 
65 154 221 
65 154 218 
25 147 217 
25 195 217 
11 214 221 
25 151 217 
108 186 217 
92 205 218 
58 175 218 
110 175 218 
41 207 220 
129 175 218 
107 185 221 
109 200 221 
107 200 218 
107 166 221 
18 200 221 
95 166 221 
95 151 217 
95 151 217 
95 199 221 
95 148 221 
102 156 221 
137 156 221 
104 212 221 
112 157 221 
121 156 221 
5 154 221 
5 154 218 
113 151 220 
88 154 219 
56 154 219 
143 202 219 
70 202 219 
23 202 218 
23 202 217 
23 164 219 
67 156 221 
67 215 221 
74 192 218 
67 198 221 
16 157 217 
143 153 221 
88 153 221 
78 177 219 
119 153 219 
119 153 219 
98 194 221 
131 163 219 
74 211 220 
131 201 219 
131 160 219 
1 166 221 
125 163 219 
93 168 220 
1 172 221 
1 153 220 
3 170 217 
3 191 221 
3 198 221 
85 198 221 
3 193 221 
70 153 218 
91 190 218 
18 207 218 
18 173 218 
18 153 219 
120 177 218 
112 209 220 
49 209 218 
112 215 218 
112 209 217 
94 151 220 
77 192 220 
96 151 221 
94 184 221 
65 151 221 
56 207 217 
83 148 217 
56 148 221 
56 148 220 
56 209 217 
115 199 217 
115 165 217 
115 200 218 
115 161 217 
115 216 217 
105 148 218 
105 191 218 
105 154 218 
105 162 220 
105 158 218 
50 169 218 
72 150 218 
146 161 218 
50 161 219 
50 161 221 
93 165 221 
107 151 221 
93 151 219 
93 189 221 
120 151 221 
112 149 218 
57 158 218 
112 164 218 
112 187 218 
9 158 218 
106 158 220 
106 207 221 
70 148 221 
106 194 221 
139 158 221 
5 152 220 
5 154 218 
139 154 220 
82 154 220 
5 154 218 
87 186 220 
87 191 218 
5 176 218 
124 186 218 
52 186 218 
110 168 218 
122 214 218 
11 161 218 
1 161 218 
26 167 219 
30 156 218 
97 172 221 
16 183 218 
16 210 218 
37 178 218 
94 196 219 
146 196 218 
94 196 219 
73 196 218 
94 196 219 
32 194 220 
32 212 220 
32 154 221 
91 167 219 
81 154 220 
4 148 219 
4 176 217 
4 194 217 
4 178 217 
4 148 218 
123 154 221 
80 182 217 
108 154 217 
66 154 217 
120 154 217 
133 154 217 
8 154 218 
116 154 217 
8 154 218 
114 154 217 
106 151 219 
106 151 217 
106 151 217 
106 151 219 
12 151 218 
123 151 218 
143 151 218 
8 214 218 
92 167 217 
36 151 218 
130 188 220 
104 188 220 
94 188 217 
94 174 220 
94 188 219 
79 180 218 
79 180 218 
79 159 217 
135 148 218 
49 180 217 
45 154 218 
45 208 220 
45 210 220 
61 154 220 
94 182 221 
62 206 220 
12 211 217 
62 206 220 
62 212 218 
38 206 218 
48 164 217 
94 164 219 
105 188 221 
104 170 220 
94 164 219 
129 211 218 
94 180 218 
94 211 220 
105 211 218 
94 211 219 
135 195 218 
77 186 218 
124 186 218 
135 186 220 
135 178 218 
109 200 217 
120 200 217 
33 207 217 
117 200 217 
92 200 217 
5 151 219 
5 151 217 
5 202 221 
5 201 221 
5 151 219 
8 162 217 
8 162 219 
8 172 218 
26 162 218 
8 204 218 
34 166 220 
63 200 217 
34 191 220 
34 200 218 
34 200 218 
49 181 217 
9 173 220 
95 204 217 
95 204 220 
95 204 217 
107 216 218 
132 159 218 
117 158 218 
107 147 218 
77 171 219 
131 182 221 
82 194 221 
131 194 220 
131 194 220 
131 204 221 
60 183 219 
60 154 221 
47 195 219 
60 154 218 
60 154 221 
137 186 219 
92 158 219 
16 186 219 
92 186 220 
92 186 220 
92 172 218 
92 177 217 
134 177 218 
26 177 218 
92 177 220 
22 162 218 
118 216 220 
71 191 218 
73 197 221 
71 153 218 
94 180 218 
141 151 218 
94 189 218 
94 184 218 
47 151 218 
87 171 218 
23 196 218 
96 149 219 
13 195 220 
54 151 218 
12 153 217 
12 186 221 
12 159 221 
56 153 221 
146 209 221 
8 183 217 
8 176 221 
8 172 221 
8 161 221 
83 183 221 
59 162 218 
123 162 218 
95 162 218 
16 162 218 
111 193 217 
6 159 221 
6 159 220 
6 159 220 
6 184 218 
48 159 218 
32 210 221 
32 206 221 
32 152 221 
32 184 221 
132 153 221 
86 199 217 
86 174 221 
86 152 221 
86 191 221 
38 211 220 
135 180 218 
135 211 217 
26 212 221 
135 180 219 
135 180 218 
62 184 221 
137 180 221 
62 180 218 
26 195 218 
11 180 221 
17 154 221 
17 154 218 
70 154 217 
17 194 217 
115 202 219 
68 170 217 
77 165 218 
77 161 217 
77 161 219 
101 157 217 
94 214 218 
94 166 218 
94 200 218 
94 194 220 
94 194 217 
119 195 219 
110 161 220 
99 186 219 
59 210 217 
119 186 220 
140 175 217 
140 175 217 
27 175 221 
140 175 219 
13 175 221 
26 208 221 
94 208 219 
50 208 221 
94 208 220 
94 208 220 
62 188 218 
140 195 218 
140 193 221 
113 195 218 
62 195 219 
43 194 217 
43 194 217 
115 194 221 
43 194 217 
43 194 220 
94 199 217 
94 199 220 
100 170 218 
94 153 218 
94 199 217 
26 207 218 
42 160 217 
9 160 221 
132 160 221 
18 156 219 
129 201 217 
129 191 221 
129 201 217 
129 207 221 
73 193 220 
125 154 218 
56 154 220 
125 192 220 
120 154 220 
125 154 218 
95 180 220 
78 180 219 
31 180 220 
127 180 220 
78 171 220 
87 151 219 
87 151 220 
58 151 221 
87 147 221 
96 151 221 
59 161 218 
21 175 218 
21 204 218 
21 161 221 
113 161 218 
112 214 220 
112 185 218 
112 214 217 
112 191 218 
35 214 218 
86 170 218 
12 170 218 
3 196 218 
3 170 220 
3 215 218 
17 201 218 
86 165 218 
86 174 218 
86 201 217 
86 208 218 
65 158 218 
16 186 218 
61 158 218 
52 158 218 
16 183 218 
103 161 219 
125 161 218 
127 161 218 
131 161 218 
103 161 217 
92 182 221 
46 175 220 
87 179 221 
9 179 221 
54 179 221 
115 167 218 
87 174 217 
42 185 218 
103 185 218 
115 185 220 
135 165 218 
92 190 218 
24 174 220 
127 147 217 
78 152 217 
30 209 220 
117 154 220 
30 170 220 
22 155 219 
30 153 220 
20 188 220 
20 200 218 
20 187 220 
20 200 218 
20 198 220 
43 186 220 
123 186 218 
43 186 220 
93 186 218 
116 186 218 
86 154 221 
71 154 217 
138 154 217 
86 154 218 
86 155 217 
100 195 221 
20 195 217 
20 203 221 
18 195 221 
20 178 221 
32 162 217 
32 159 218 
145 162 218 
32 188 218 
32 185 218 
103 186 220 
103 186 220 
103 186 220 
103 186 220 
103 186 220 
44 154 219 
105 154 219 
124 154 219 
12 179 219 
12 154 218 
112 166 219 
112 154 218 
112 185 219 
112 154 218 
112 154 218 
68 154 221 
117 154 217 
76 209 220 
56 154 217 
68 154 218 
141 186 221 
50 215 221 
138 186 219 
50 186 220 
128 186 221 
129 201 217 
129 201 217 
129 201 217 
57 201 218 
29 201 218 
96 207 221 
118 202 221 
139 202 221 
96 187 221 
96 202 218 
135 158 218 
29 158 218 
4 158 219 
4 158 217 
4 158 217 
142 178 218 
95 172 218 
95 178 219 
142 178 218 
95 178 219 
62 195 217 
62 195 219 
62 195 217 
62 212 221 
62 195 219 
5 194 221 
144 208 221 
55 194 221 
144 194 220 
144 161 221 
4 210 218 
4 159 219 
2 175 218 
101 159 218 
4 159 220 
20 177 217 
78 167 218 
86 153 218 
78 153 219 
80 153 218 
39 204 217 
39 204 219 
39 204 219 
32 204 221 
39 204 219 
145 200 217 
73 200 217 
138 200 217 
86 181 220 
34 200 218 
116 205 218 
116 207 218 
116 199 219 
116 199 217 
116 195 218 
75 194 218 
131 200 218 
131 211 218 
131 194 220 
131 194 217 
131 168 219 
11 213 218 
131 185 221 
131 216 221 
131 168 218 
71 151 221 
115 151 219 
32 151 221 
137 151 221 
56 151 221 
27 212 219 
27 154 221 
59 154 219 
27 154 218 
27 161 219 
134 191 217 
134 200 218 
32 200 217 
134 162 217 
134 171 217 
86 195 220 
86 216 220 
86 160 220 
86 180 219 
25 180 220 
11 181 218 
3 186 218 
11 186 220 
11 186 220 
17 186 218 
107 201 217 
107 201 217 
107 201 220 
107 201 220 
107 184 219 
68 186 221 
92 176 221 
92 186 220 
52 186 221 
10 213 218 
44 181 217 
76 160 220 
6 160 221 
76 152 221 
102 214 221 
25 184 217 
23 155 217 
112 151 220 
25 154 218 
25 154 221 
19 154 218 
115 194 218 
29 154 219 
19 208 219 
19 154 221 
14 154 218 
37 210 220 
14 154 221 
105 199 220 
108 191 217 
101 156 221 
16 164 217 
129 154 217 
16 166 217 
126 154 217 
86 176 221 
5 195 221 
114 195 221 
108 195 221 
64 195 221 
131 203 218 
68 203 218 
28 170 221 
98 203 218 
119 203 218 
2 210 221 
2 180 221 
2 147 221 
62 160 221 
2 214 221 
135 154 218 
87 154 217 
129 154 217 
51 166 221 
29 154 217 
121 154 221 
121 154 218 
121 154 221 
134 154 219 
55 154 219 
139 186 220 
96 186 219 
142 186 219 
139 186 220 
21 186 219 
115 211 220 
49 152 220 
115 165 220 
115 152 218 
115 152 221 
103 200 218 
103 200 218 
1 200 220 
103 155 220 
103 200 218 
126 171 220 
1 187 221 
142 193 219 
41 149 221 
1 163 221 
63 154 218 
63 154 221 
63 154 221 
63 154 221 
117 154 219 
67 154 217 
20 186 220 
95 179 217 
93 155 218 
145 154 217 
67 198 217 
67 178 217 
57 148 217 
67 190 217 
67 186 217 
138 209 221 
107 192 221 
18 209 221 
107 209 220 
45 209 221 
133 174 217 
101 183 220 
39 160 221 
8 152 221 
94 162 219 
