86 149 218
91 184 218
134 184 215
93 186 217
73 151 218
31 160 215
15 156 215
59 152 216
4 152 217
77 151 215
111 149 218
66 146 214
11 152 216
25 157 215
0 151 218
83 152 217
71 149 215
106 199 216
57 207 216
85 152 214
93 176 215
15 176 215
102 198 217
124 152 217
106 198 218
102 184 215
75 152 216
22 149 215
77 198 214
49 198 214
119 154 215
64 152 216
121 159 215
62 152 216
130 166 218
37 201 215
95 152 216
47 160 215
34 158 218
102 149 218
61 198 216
143 192 218
15 149 215
4 149 218
76 159 215
59 207 216
3 156 215
17 151 215
7 149 215
91 173 215
91 184 216
62 147 218
77 202 215
71 190 215
114 149 218
7 152 214
42 184 218
102 184 218
133 198 214
112 146 214
128 199 215
93 149 215
33 160 215
94 176 215
18 184 215
101 152 214
20 159 215
122 151 218
14 149 218
130 195 218
85 193 218
111 199 216
68 149 218
65 159 215
33 198 214
49 152 214
114 198 214
94 149 218
75 158 218
31 151 218
143 184 218
15 152 214
49 152 217
122 152 214
130 195 216
85 204 215
24 149 215
128 199 218
114 183 215
85 194 215
38 202 218
138 184 216
7 160 215
95 200 218
49 174 215
114 150 214
105 156 218
100 168 218
130 192 215
111 156 215
2 168 215
107 159 215
13 152 217
114 177 218
114 152 214
134 152 214
7 181 218
124 198 214
126 150 217
94 149 215
118 151 218
68 152 216
112 149 218
10 152 216
130 192 218
67 152 214
3 157 215
133 198 218
111 152 216
29 152 217
93 206 218
91 158 218
16 152 214
139 173 218
111 198 216
83 202 215
134 184 218
77 178 217
1 158 218
62 149 215
52 202 218
18 184 218
93 158 218
14 158 218
52 154 215
18 152 216
93 209 215
134 178 214
4 152 216
93 184 215
75 152 214
31 152 217
74 151 218
117 174 215
114 207 216
78 184 216
106 207 218
86 184 215
19 198 217
2 168 218
44 152 217
7 152 217
77 184 216
33 198 217
93 184 214
50 151 215
118 184 215
85 199 215
93 162 214
134 184 216
104 160 215
5 157 215
93 149 218
91 177 218
26 152 216
66 173 218
126 196 214
93 171 215
42 192 218
2 159 215
120 152 216
23 146 214
22 152 217
16 158 218
49 160 215
31 152 214
0 147 218
18 194 215
90 152 216
114 173 218
114 152 217
41 158 218
17 175 215
20 199 216
93 197 215
61 198 214
3 173 218
93 160 215
106 157 215
114 150 217
55 159 215
93 192 215
27 174 215
94 202 218
121 190 215
118 184 216
111 154 218
55 146 214
10 184 215
111 200 217
16 151 218
126 184 218
94 152 216
70 160 215
51 202 218
111 200 216
16 151 215
61 193 218
5 156 215
136 152 217
24 184 214
38 173 215
10 146 214
11 151 218
62 154 215
115 197 215
31 147 215
100 192 215
64 159 215
3 146 214
111 194 215
22 200 216
75 164 218
90 152 217
143 192 215
49 156 215
102 159 215
72 152 214
85 197 218
57 151 215
92 149 218
93 198 218
2 154 218
93 209 218
111 207 215
78 184 215
93 207 218
78 178 214
111 212 215
85 178 217
4 149 215
61 193 215
61 204 215
39 152 216
91 151 218
32 198 214
17 146 214
106 184 216
19 193 218
114 198 216
49 184 218
126 150 214
101 208 218
90 170 215
105 149 215
52 202 215
106 184 215
93 194 215
129 204 218
24 152 214
16 191 218
97 149 215
18 173 215
111 195 216
68 152 214
16 146 214
42 184 215
49 159 215
111 195 218
55 199 216
50 152 216
111 154 215
68 192 218
61 178 218
85 178 218
47 158 218
45 154 215
5 152 214
93 201 215
29 149 218
44 152 216
91 175 215
