95 173 219 
91 151 217 
91 150 221 
91 200 221 
102 151 221 
109 148 217 
121 148 218 
121 191 217 
24 148 217 
118 148 217 
101 177 217 
101 203 218 
101 191 218 
101 164 218 
101 177 219 
138 186 217 
129 150 221 
132 186 220 
132 175 217 
31 186 217 
12 148 218 
12 163 217 
12 165 217 
12 186 217 
127 148 217 
56 201 220 
56 201 220 
56 173 218 
24 201 218 
117 201 218 
20 154 217 
4 154 218 
4 154 221 
4 154 221 
4 149 217 
139 166 221 
71 156 220 
28 178 218 
39 178 218 
121 178 221 
3 156 217 
3 189 218 
3 156 219 
3 156 221 
3 152 218 
122 210 218 
66 210 219 
66 210 219 
66 159 218 
66 167 218 
37 154 218 
97 152 218 
67 154 217 
21 154 217 
37 182 217 
113 154 218 
113 154 218 
113 148 220 
113 154 221 
113 154 218 
112 148 220 
112 181 217 
112 148 221 
129 148 217 
56 148 217 
128 148 217 
140 148 220 
140 199 217 
61 148 217 
95 148 217 
132 148 217 
114 148 218 
114 157 221 
114 148 220 
125 148 217 
62 170 221 
36 206 221 
106 206 221 
107 184 221 
60 206 221 
105 151 218 
28 189 218 
28 151 219 
28 197 218 
32 151 218 
88 148 221 
77 148 217 
132 148 217 
88 148 218 
88 213 217 
62 190 221 
62 203 221 
62 200 218 
62 200 217 
62 200 218 
126 186 220 
34 210 218 
126 186 220 
126 183 218 
126 186 220 
130 158 221 
112 158 220 
112 158 218 
112 181 221 
112 158 220 
130 160 218 
130 192 218 
132 206 218 
130 206 220 
134 206 218 
72 186 217 
19 178 217 
19 204 217 
134 186 217 
19 186 221 
78 162 217 
49 162 218 
78 162 219 
78 162 219 
56 162 218 
103 181 221 
54 194 221 
103 187 221 
103 160 221 
103 196 221 
11 168 217 
3 186 217 
17 186 217 
65 186 217 
95 186 217 
39 204 217 
39 176 218 
39 204 221 
68 204 218 
89 163 217 
25 159 218 
105 159 221 
105 159 219 
105 187 218 
105 169 218 
145 154 217 
43 154 221 
43 154 218 
43 154 221 
109 154 217 
50 169 218 
98 169 220 
50 169 219 
68 197 219 
54 169 220 
92 196 219 
21 207 217 
92 196 219 
92 178 221 
92 196 217 
139 188 217 
94 169 220 
94 216 220 
94 147 217 
94 147 217 
33 180 217 
25 170 219 
33 148 221 
35 148 217 
33 215 217 
65 151 218 
30 151 220 
30 151 220 
123 183 218 
30 150 218 
58 197 217 
58 160 217 
58 149 217 
82 153 221 
58 148 218 
14 162 221 
14 185 218 
93 162 218 
14 162 217 
14 174 218 
110 180 221 
65 180 221 
112 178 221 
115 180 221 
112 180 219 
33 154 218 
33 201 219 
33 154 218 
33 150 219 
33 154 221 
25 186 220 
124 186 218 
25 151 218 
25 193 218 
25 206 218 
131 148 217 
30 148 217 
100 148 218 
100 195 217 
100 195 217 
58 189 221 
10 160 221 
58 205 221 
58 160 220 
58 163 221 
123 194 218 
42 194 218 
136 190 221 
17 192 217 
120 194 218 
66 168 220 
102 209 217 
9 209 221 
102 209 220 
102 208 221 
43 158 221 
5 165 221 
37 204 220 
5 158 220 
50 159 220 
79 151 218 
47 151 218 
15 193 218 
5 151 218 
15 173 218 
94 185 221 
19 210 221 
94 210 220 
102 210 221 
94 210 220 
63 212 221 
77 170 221 
63 170 217 
63 200 221 
63 170 220 
33 149 220 
8 208 218 
101 176 218 
101 193 218 
101 208 220 
84 194 217 
84 208 217 
111 152 217 
84 181 217 
134 148 217 
139 151 221 
92 208 221 
92 152 221 
92 151 220 
92 151 219 
87 157 219 
87 186 220 
87 180 219 
29 186 219 
87 186 220 
48 147 218 
9 158 221 
124 158 221 
86 204 221 
86 158 220 
79 186 220 
79 183 221 
79 161 221 
1 186 221 
79 186 218 
69 165 221 
69 175 221 
69 151 221 
99 204 221 
69 205 221 
113 206 221 
113 157 221 
81 189 217 
98 165 219 
113 174 221 
87 174 221 
26 177 218 
23 183 217 
128 177 218 
104 177 218 
63 206 221 
63 208 217 
63 179 221 
112 179 221 
63 208 217 
118 174 217 
143 181 217 
143 174 219 
143 174 221 
143 174 221 
128 159 221 
67 159 218 
128 163 218 
128 159 217 
128 159 219 
36 162 217 
36 162 220 
72 162 218 
13 147 221 
36 169 218 
105 154 217 
23 182 217 
23 154 218 
131 154 217 
23 196 217 
113 153 218 
71 153 218 
11 153 220 
62 153 218 
66 153 218 
19 153 218 
75 153 219 
75 168 218 
62 152 218 
75 153 217 
101 160 221 
101 158 221 
95 175 221 
101 172 221 
101 157 221 
140 154 218 
140 154 221 
140 154 221 
140 177 219 
140 154 221 
131 154 217 
92 192 217 
92 152 217 
110 154 217 
92 182 217 
112 200 218 
59 200 217 
12 200 217 
37 157 218 
112 200 219 
145 162 217 
145 148 218 
51 148 217 
30 203 221 
145 160 217 
3 152 217 
139 198 217 
17 152 217 
83 214 217 
71 151 218 
4 156 221 
146 151 221 
141 151 221 
4 164 221 
104 151 221 
50 173 220 
123 201 221 
50 200 217 
50 200 217 
50 200 218 
107 206 220 
22 154 220 
144 154 220 
34 196 221 
84 209 219 
43 163 218 
43 159 220 
100 159 218 
43 159 217 
46 180 218 
115 154 217 
113 174 217 
113 213 217 
6 154 217 
113 154 221 
94 209 221 
94 148 218 
94 209 220 
94 209 221 
122 209 218 
91 207 219 
91 203 219 
91 209 220 
91 209 217 
91 176 219 
135 148 221 
135 180 217 
135 154 217 
11 148 217 
135 155 217 
34 199 220 
137 154 220 
109 154 220 
34 154 221 
143 154 220 
124 154 217 
9 213 217 
9 154 218 
9 177 217 
138 154 217 
49 156 220 
69 179 219 
144 197 219 
69 188 219 
38 197 219 
50 169 219 
50 169 219 
50 180 221 
10 212 220 
85 169 221 
74 154 218 
49 154 220 
74 154 221 
84 154 220 
74 211 220 
94 212 219 
131 212 221 
94 212 219 
79 153 219 
94 212 219 
25 154 217 
25 166 219 
25 190 219 
25 177 219 
25 197 219 
18 215 221 
115 197 221 
115 178 221 
115 165 221 
115 164 221 
2 184 221 
2 158 219 
2 158 220 
2 167 221 
132 158 221 
126 163 221 
126 170 221 
53 186 221 
65 186 221 
88 186 221 
47 212 218 
47 201 218 
47 169 218 
43 162 218 
47 210 218 
4 186 221 
87 186 218 
87 186 218 
84 186 221 
87 168 221 
92 153 217 
92 175 218 
92 153 221 
44 153 218 
92 154 218 
17 153 218 
126 153 218 
67 153 218 
12 176 218 
12 190 218 
127 156 219 
127 198 217 
127 211 219 
96 169 221 
127 198 218 
63 163 219 
63 166 220 
103 166 219 
63 166 217 
63 199 219 
104 192 220 
88 159 218 
17 159 220 
17 159 217 
46 196 220 
30 210 219 
21 154 219 
30 154 221 
71 154 219 
30 152 219 
112 206 218 
83 162 218 
106 162 218 
112 147 218 
112 200 218 
119 199 221 
33 158 221 
119 205 221 
26 158 221 
1 158 221 
101 204 218 
103 207 218 
103 203 218 
37 168 220 
114 194 218 
20 201 221 
20 171 221 
20 199 220 
102 199 221 
20 216 221 
45 162 218 
15 162 220 
74 162 218 
56 162 218 
15 162 221 
142 209 218 
40 209 218 
58 162 218 
58 209 217 
58 185 218 
42 208 221 
10 213 221 
42 196 221 
83 157 221 
67 160 220 
33 200 217 
45 200 219 
33 200 218 
71 199 221 
33 214 219 
139 169 217 
3 169 218 
51 207 221 
3 201 217 
57 169 217 
50 151 220 
65 151 218 
50 151 220 
25 151 218 
71 151 218 
25 166 217 
25 201 217 
25 191 217 
25 148 218 
25 148 218 
103 182 221 
87 205 217 
37 180 217 
87 180 219 
87 189 217 
94 159 220 
67 154 217 
94 154 218 
94 159 217 
94 175 218 
82 148 220 
82 196 217 
106 148 217 
82 148 221 
82 148 219 
112 194 217 
112 206 221 
125 194 221 
21 176 221 
112 212 221 
76 199 221 
76 174 221 
143 208 221 
132 204 218 
139 153 221 
144 186 221 
144 186 220 
144 181 219 
144 186 221 
7 186 219 
122 191 220 
131 185 220 
118 191 220 
131 191 219 
131 152 220 
8 154 221 
56 154 219 
8 154 218 
57 154 219 
8 155 219 
96 148 217 
136 148 217 
118 148 217 
6 148 220 
6 148 219 
3 213 220 
142 169 220 
3 174 220 
3 196 220 
126 197 217 
32 158 220 
32 158 220 
32 192 218 
32 160 218 
32 158 219 
115 153 219 
107 186 219 
115 186 220 
65 186 219 
115 186 220 
114 197 221 
69 162 221 
19 148 221 
19 189 221 
19 178 221 
136 188 220 
43 203 220 
43 166 220 
43 188 219 
43 206 220 
67 157 220 
92 161 220 
92 188 219 
46 188 220 
92 188 219 
50 200 217 
79 200 219 
50 190 219 
50 166 219 
50 200 218 
102 148 218 
102 178 217 
102 166 217 
143 148 217 
61 148 217 
92 148 221 
63 167 220 
63 202 217 
91 158 219 
16 202 220 
69 201 218 
112 201 219 
112 174 218 
112 201 217 
73 201 218 
94 157 221 
94 197 218 
94 197 217 
94 197 218 
94 197 217 
76 170 219 
3 214 221 
3 169 218 
3 199 221 
3 162 221 
68 195 217 
57 148 217 
68 148 218 
68 148 219 
68 191 217 
45 196 219 
126 160 218 
126 160 217 
126 168 221 
126 209 221 
103 158 221 
4 205 221 
4 216 221 
4 158 217 
88 171 221 
81 156 218 
87 156 219 
87 184 218 
65 156 218 
87 215 219 
130 148 217 
14 148 217 
86 148 218 
85 148 217 
55 148 220 
109 181 217 
113 158 220 
113 164 218 
121 158 218 
113 157 218 
23 179 221 
69 207 220 
23 201 221 
23 187 221 
23 147 221 
4 214 221 
107 214 217 
107 214 220 
88 214 221 
39 214 221 
112 193 218 
112 166 218 
112 151 221 
107 195 218 
112 151 219 
9 198 221 
101 186 220 
101 186 220 
101 186 220 
101 147 221 
137 169 220 
112 169 218 
112 169 219 
131 204 218 
6 152 220 
54 206 221 
61 206 221 
51 206 217 
51 212 221 
8 206 221 
35 190 219 
116 190 219 
105 190 219 
17 194 221 
70 190 219 
31 159 218 
8 165 218 
8 159 220 
8 159 221 
8 192 218 
125 200 218 
125 200 217 
125 200 218 
125 200 217 
91 200 221 
13 186 217 
39 186 217 
50 186 220 
52 193 221 
50 158 217 
5 168 220 
5 194 221 
5 163 221 
35 168 221 
36 214 217 
101 194 218 
113 193 219 
101 194 220 
101 194 220 
31 194 221 
94 154 221 
94 196 220 
94 193 221 
94 176 221 
101 196 221 
60 154 219 
11 154 219 
121 154 219 
132 154 219 
31 154 221 
41 149 217 
41 148 220 
41 194 217 
41 148 221 
41 173 217 
58 194 219 
50 172 220 
50 188 218 
50 172 221 
50 172 217 
73 151 221 
124 151 221 
18 208 221 
49 151 221 
18 148 221 
85 154 217 
29 154 217 
5 154 220 
5 202 217 
79 154 217 
92 148 218 
105 151 218 
92 151 217 
92 151 220 
126 151 218 
62 162 219 
46 162 218 
117 162 218 
62 169 218 
62 162 217 
94 161 221 
100 147 219 
46 152 218 
56 165 218 
42 202 219 
63 158 220 
63 158 220 
63 168 221 
63 178 221 
63 207 221 
118 153 221 
25 153 217 
25 153 219 
25 168 221 
25 153 220 
86 154 217 
54 212 217 
39 182 220 
54 154 218 
54 154 218 
103 177 221 
103 166 218 
103 153 218 
114 177 218 
65 177 218 
39 159 218 
3 168 220 
3 216 221 
57 168 221 
3 198 221 
67 153 218 
141 153 217 
141 153 217 
141 199 218 
90 153 218 
47 201 221 
80 201 221 
67 201 221 
28 201 221 
94 185 217 
88 162 218 
23 162 217 
23 162 221 
116 205 217 
52 195 221 
130 209 218 
63 209 218 
51 209 218 
98 155 218 
98 216 218 
80 171 219 
53 154 221 
53 154 221 
97 154 219 
53 171 219 
94 192 220 
6 151 217 
6 151 220 
49 151 221 
51 151 221 
33 153 219 
33 162 221 
33 175 221 
41 153 221 
47 153 221 
136 154 220 
22 154 220 
89 154 220 
17 154 217 
91 154 220 
17 162 221 
17 162 220 
17 162 217 
86 162 218 
17 173 218 
144 186 220 
144 186 220 
144 186 221 
40 186 217 
54 186 217 
62 196 220 
111 196 221 
62 153 221 
62 196 219 
62 205 221 
78 180 219 
78 180 220 
116 174 217 
103 211 217 
78 180 219 
24 154 218 
24 154 218 
117 154 220 
24 185 220 
24 159 220 
86 190 218 
86 161 217 
68 189 218 
86 161 221 
86 166 218 
130 216 221 
94 216 217 
33 216 221 
94 208 221 
94 207 221 
108 162 220 
140 162 218 
108 162 217 
108 162 217 
108 162 221 
71 176 217 
65 151 218 
132 151 218 
78 151 220 
78 151 217 
77 204 217 
77 215 218 
77 204 220 
77 204 217 
77 212 218 
53 213 217 
53 154 221 
126 182 218 
53 154 221 
67 154 217 
99 178 219 
99 178 219 
13 178 218 
99 178 221 
90 178 218 
84 177 221 
48 153 221 
84 175 221 
137 214 221 
59 153 221 
115 152 218 
126 153 218 
120 153 218 
115 150 218 
115 172 218 
41 154 221 
41 154 218 
134 165 221 
41 202 220 
62 154 220 
94 188 219 
94 184 219 
94 155 219 
89 186 219 
94 155 219 
43 180 219 
43 209 220 
43 150 220 
43 197 220 
43 180 218 
43 169 220 
99 186 219 
102 155 219 
92 169 219 
92 198 220 
94 160 221 
94 159 217 
94 188 217 
94 163 217 
8 159 217 
112 184 220 
108 189 220 
112 189 217 
57 150 217 
112 189 219 
134 169 220 
34 149 220 
34 189 220 
105 160 220 
34 169 219 
42 154 221 
142 154 217 
42 181 217 
102 154 217 
135 154 217 
122 151 220 
122 182 221 
76 151 221 
90 151 221 
73 212 219 
57 204 219 
103 166 218 
103 197 218 
103 170 219 
103 158 218 
23 154 218 
23 154 220 
23 154 220 
23 154 218 
23 170 219 
124 172 221 
109 152 220 
124 178 221 
124 196 217 
124 196 219 
98 154 219 
98 209 217 
98 209 220 
98 161 219 
98 209 220 
112 216 221 
112 185 221 
112 179 221 
105 154 221 
112 154 218 
42 168 220 
42 180 218 
120 180 220 
42 165 220 
8 180 220 
2 196 221 
56 149 221 
76 196 221 
135 196 221 
111 196 221 
115 170 217 
128 161 221 
135 151 217 
68 151 217 
141 172 220 
94 210 217 
14 205 217 
94 205 221 
94 182 217 
94 188 217 
78 186 220 
78 186 220 
84 186 217 
78 186 220 
78 186 219 
98 186 220 
37 186 220 
115 186 220 
131 183 221 
115 198 218 
115 201 220 
115 163 218 
12 201 218 
115 191 218 
40 188 220 
101 205 220 
101 188 221 
101 184 220 
33 188 220 
13 191 220 
18 189 220 
18 206 220 
18 191 219 
18 199 220 
1 193 218 
1 153 221 
1 153 220 
1 153 221 
114 153 218 
133 156 220 
133 188 221 
133 188 217 
135 188 220 
69 171 218 
56 201 217 
56 201 217 
56 184 221 
17 201 221 
56 158 221 
94 195 217 
94 154 218 
102 154 217 
94 154 221 
125 172 219 
18 153 218 
18 200 218 
18 159 219 
18 159 220 
18 186 218 
62 158 218 
43 153 219 
43 153 220 
100 153 221 
43 153 219 
13 154 218 
141 169 218 
13 150 219 
108 154 219 
13 156 219 
112 184 218 
112 184 220 
112 184 220 
112 184 217 
112 184 219 
129 148 217 
16 148 220 
16 157 217 
22 148 217 
49 154 221 
41 210 218 
59 151 218 
94 151 218 
41 192 218 
36 151 218 
72 204 221 
38 204 220 
97 204 221 
38 204 220 
38 204 219 
114 200 220 
33 161 220 
56 200 220 
18 200 220 
38 200 220 
103 188 219 
103 178 220 
103 188 218 
103 188 218 
103 188 221 
140 172 218 
122 172 217 
122 172 220 
122 172 221 
122 209 218 
50 154 220 
81 154 220 
5 154 220 
25 154 218 
25 214 220 
49 161 219 
49 161 217 
49 161 220 
49 198 218 
49 161 220 
79 180 217 
106 195 220 
79 153 221 
144 180 221 
79 180 219 
28 180 218 
28 205 217 
28 212 217 
96 180 217 
28 180 219 
132 154 220 
118 203 220 
118 154 221 
125 154 220 
5 154 220 
7 148 218 
7 148 218 
7 190 217 
103 148 217 
7 148 218 
132 186 220 
132 182 218 
122 186 218 
47 186 218 
110 186 218 
95 153 220 
95 196 218 
95 174 218 
95 153 220 
95 172 218 
39 210 221 
39 194 221 
39 201 221 
39 212 221 
39 153 221 
146 201 219 
116 201 219 
141 150 218 
117 201 219 
111 201 219 
94 151 217 
94 210 217 
21 180 217 
50 180 217 
94 187 217 
35 161 220 
35 161 217 
35 161 220 
137 180 217 
35 193 218 
93 185 218 
93 151 219 
84 163 220 
93 160 218 
93 153 218 
106 209 219 
107 188 219 
126 209 219 
31 195 218 
107 209 221 
9 185 221 
134 150 221 
108 196 221 
76 196 221 
129 196 221 
122 197 220 
122 154 218 
122 154 221 
122 154 221 
122 154 218 
96 205 218 
2 204 219 
2 168 219 
2 154 221 
2 202 219 
68 183 218 
80 183 218 
123 183 218 
102 183 219 
102 148 218 
86 170 219 
86 192 219 
86 201 218 
61 201 219 
138 201 219 
107 161 221 
122 160 221 
89 160 221 
107 150 221 
52 147 220 
119 186 218 
119 186 220 
114 186 217 
142 186 217 
119 186 218 
39 154 221 
120 154 217 
39 154 218 
39 154 218 
39 154 218 
54 181 221 
78 186 220 
78 186 219 
78 193 218 
78 186 219 
4 152 218 
4 172 219 
4 172 221 
4 177 218 
4 148 218 
105 179 220 
131 159 220 
131 159 219 
131 170 218 
99 159 218 
78 200 217 
129 200 220 
78 171 220 
78 200 218 
78 149 220 
105 154 219 
37 176 219 
66 154 219 
37 154 221 
66 154 219 
103 192 221 
103 189 221 
45 149 221 
46 149 221 
103 149 220 
83 204 218 
20 180 221 
20 147 221 
20 155 221 
76 196 221 
89 178 218 
32 178 219 
32 215 219 
32 212 219 
32 154 217 
108 151 221 
25 151 217 
36 151 221 
25 151 218 
25 151 220 
31 147 218 
31 169 218 
31 161 221 
53 161 218 
31 161 219 
53 206 218 
53 208 220 
53 208 219 
53 208 219 
119 208 218 
53 156 218 
53 156 218 
143 156 221 
53 156 219 
53 156 220 
87 187 220 
87 180 219 
22 196 219 
53 180 220 
87 186 220 
135 151 217 
135 152 217 
135 211 217 
64 200 217 
37 200 217 
97 209 221 
97 160 217 
97 160 220 
127 160 221 
37 160 221 
112 196 220 
54 155 220 
112 155 218 
112 165 220 
112 176 220 
120 162 218 
119 159 220 
43 162 218 
93 162 218 
65 162 217 
77 154 221 
77 174 220 
77 164 220 
77 154 218 
77 154 218 
103 154 217 
54 197 219 
13 154 218 
13 154 218 
13 154 218 
122 210 217 
116 151 221 
70 203 221 
70 212 221 
70 212 221 
10 166 221 
3 147 221 
114 166 221 
3 208 221 
16 166 221 
34 211 221 
34 171 221 
34 169 218 
34 163 221 
34 182 221 
97 186 220 
97 186 220 
3 148 218 
97 196 221 
97 156 221 
101 203 217 
101 176 217 
101 148 220 
101 195 217 
101 189 217 
103 211 220 
103 169 218 
103 186 218 
103 211 217 
103 172 218 
90 154 220 
1 165 220 
132 154 220 
52 194 219 
81 154 220 
36 205 219 
121 171 220 
66 154 220 
121 154 219 
121 151 220 
135 186 219 
82 215 220 
135 186 220 
135 190 217 
135 187 217 
94 156 217 
94 176 221 
60 156 221 
6 156 221 
94 156 220 
22 201 217 
22 201 217 
22 199 219 
70 201 219 
63 205 221 
115 158 217 
115 158 217 
139 158 221 
115 158 220 
115 158 220 
44 162 218 
113 162 218 
115 162 219 
114 168 219 
68 162 218 
5 160 218 
66 159 218 
97 159 218 
19 159 218 
22 213 220 
25 168 221 
136 168 220 
136 168 218 
136 168 217 
136 168 217 
66 171 218 
66 149 217 
66 152 218 
84 189 220 
66 149 220 
63 208 220 
63 208 219 
63 208 220 
63 208 217 
130 208 218 
138 202 218 
32 202 221 
138 215 221 
138 202 218 
142 202 221 
59 183 221 
8 183 221 
24 183 220 
24 183 217 
19 166 219 
19 185 220 
19 215 220 
19 180 219 
137 180 220 
19 215 220 
134 149 219 
26 200 219 
93 200 219 
42 200 219 
87 200 219 
12 207 221 
97 151 221 
19 185 221 
19 161 221 
19 195 217 
112 154 219 
7 154 217 
112 192 217 
112 161 217 
112 215 217 
122 154 221 
122 154 221 
122 157 219 
122 179 219 
8 209 220 
116 153 218 
34 153 217 
34 211 218 
88 178 220 
32 147 220 
21 206 219 
21 166 217 
139 166 219 
21 166 217 
21 166 220 
45 175 218 
16 182 218 
35 153 219 
35 197 221 
35 185 221 
36 193 218 
60 172 218 
36 169 218 
43 172 218 
36 172 219 
41 169 221 
15 182 218 
41 151 219 
130 151 221 
87 169 217 
32 186 217 
25 147 218 
59 186 217 
77 177 217 
133 186 217 
92 162 218 
128 205 218 
128 182 218 
128 171 218 
128 196 218 
72 182 219 
143 154 219 
72 154 221 
72 154 218 
72 154 221 
32 162 218 
139 190 221 
86 162 218 
82 162 218 
44 162 218 
35 185 220 
103 209 221 
117 200 221 
116 213 220 
103 200 218 
78 201 221 
86 201 220 
86 198 221 
130 154 220 
5 202 219 
145 179 217 
71 210 221 
115 210 220 
3 182 218 
115 159 221 
64 157 219 
64 148 219 
117 154 219 
64 201 219 
64 154 221 
37 186 217 
122 186 217 
92 179 217 
106 186 217 
92 157 217 
6 151 217 
6 151 217 
6 216 218 
31 151 218 
6 151 217 
112 147 218 
112 167 218 
8 156 218 
112 153 218 
112 211 220 
50 169 219 
37 165 218 
50 169 219 
50 177 217 
58 169 217 
126 176 218 
3 190 219 
3 188 219 
3 151 219 
10 162 220 
135 182 218 
135 182 218 
135 182 218 
135 182 219 
138 182 217 
127 155 221 
79 151 221 
84 167 217 
127 156 221 
103 151 221 
2 151 217 
119 151 221 
2 151 217 
2 151 219 
40 151 221 
102 175 218 
82 174 219 
108 175 218 
42 185 218 
42 175 219 
69 186 221 
60 188 217 
22 186 221 
11 207 221 
11 186 218 
92 171 218 
14 160 220 
92 215 220 
92 215 219 
67 156 219 
57 212 217 
66 212 220 
66 212 220 
111 212 217 
141 212 217 
43 156 218 
101 185 217 
101 200 218 
101 161 217 
101 215 217 
126 151 221 
5 151 221 
54 151 221 
20 212 217 
13 151 217 
82 215 218 
41 215 218 
115 195 218 
65 215 218 
115 215 219 
45 154 219 
113 159 219 
45 154 220 
85 171 219 
45 154 218 
65 209 221 
115 209 217 
28 209 221 
115 163 221 
88 209 221 
106 206 221 
106 204 221 
106 148 221 
32 151 221 
106 151 218 
123 172 220 
123 154 218 
123 208 220 
123 162 220 
123 197 220 
111 193 218 
26 193 217 
12 193 218 
26 193 220 
26 182 218 
27 161 218 
2 161 220 
2 154 218 
97 161 218 
104 161 218 
16 202 219 
44 154 219 
108 154 219 
16 154 217 
70 154 219 
91 188 218 
91 209 217 
91 209 217 
91 209 217 
91 209 217 
16 151 219 
94 151 221 
16 197 221 
16 151 218 
16 151 220 
94 147 217 
94 199 217 
87 212 217 
143 212 217 
94 177 217 
101 208 219 
52 208 221 
100 208 221 
35 208 221 
101 187 221 
92 169 219 
92 204 221 
12 169 221 
92 214 221 
47 169 221 
115 150 217 
115 157 217 
115 205 217 
115 148 218 
115 148 218 
109 174 217 
139 198 219 
139 158 219 
80 152 219 
139 182 219 
86 184 221 
139 151 221 
87 194 218 
86 199 221 
93 151 221 
10 148 219 
88 194 219 
88 205 219 
108 148 217 
27 148 217 
54 154 218 
54 172 219 
49 163 221 
54 158 219 
104 154 219 
68 208 220 
68 213 217 
29 213 220 
53 213 220 
68 184 220 
86 175 219 
29 157 219 
112 159 221 
112 165 218 
112 159 220 
107 214 217 
83 174 217 
142 204 221 
107 193 217 
107 180 219 
94 164 217 
94 152 217 
69 207 217 
94 191 217 
94 149 217 
58 213 217 
10 186 217 
58 186 220 
58 203 217 
98 186 217 
34 192 221 
34 186 221 
34 164 221 
64 166 221 
34 194 221 
67 215 219 
107 205 221 
34 201 221 
107 201 219 
134 201 221 
105 162 218 
32 157 220 
14 191 218 
105 192 218 
105 161 219 
124 153 221 
24 153 220 
57 167 219 
24 153 219 
90 158 217 
35 151 219 
9 151 221 
35 151 217 
35 155 221 
140 204 221 
100 151 218 
46 151 218 
71 151 218 
67 151 220 
67 151 220 
96 151 221 
72 151 218 
104 151 221 
72 211 221 
72 149 221 
60 170 218 
60 209 219 
84 209 218 
79 209 218 
76 194 217 
104 201 221 
115 201 217 
115 181 221 
115 201 217 
115 189 221 
102 170 218 
85 184 217 
102 209 220 
102 209 220 
25 209 218 
33 203 219 
33 203 217 
33 203 217 
33 203 221 
33 175 218 
112 200 219 
56 200 220 
112 203 220 
112 216 220 
32 173 220 
63 183 220 
108 183 221 
63 173 221 
63 183 219 
92 183 221 
68 151 221 
10 151 219 
10 214 221 
10 151 219 
10 151 220 
115 210 217 
115 178 217 
62 167 217 
115 167 220 
115 162 217 
2 200 219 
34 186 219 
34 200 220 
34 191 219 
34 200 217 
94 163 218 
94 216 219 
128 216 218 
94 180 218 
94 216 219 
22 187 218 
2 171 219 
76 214 221 
74 176 221 
55 214 221 
69 161 218 
103 172 218 
69 184 218 
69 184 218 
64 172 218 
118 153 221 
23 172 221 
23 171 221 
23 203 221 
14 153 221 
135 159 218 
67 153 221 
92 153 221 
58 194 221 
49 153 221 
42 173 220 
42 176 220 
42 203 220 
42 154 221 
42 181 220 
136 152 220 
124 152 217 
30 152 217 
136 178 217 
28 202 217 
98 180 221 
98 151 219 
98 151 217 
98 151 219 
12 151 221 
68 168 221 
95 150 221 
112 168 219 
112 165 221 
70 168 221 
128 149 218 
103 216 218 
103 188 218 
143 168 218 
103 149 217 
98 178 219 
94 175 217 
131 171 217 
74 210 221 
143 162 221 
63 202 217 
84 202 221 
63 202 217 
100 199 220 
63 202 218 
15 181 219 
56 154 219 
15 201 219 
15 174 219 
15 197 219 
96 148 217 
119 148 218 
119 148 218 
119 148 221 
119 148 219 
44 154 217 
61 178 220 
48 154 217 
40 154 218 
40 173 217 
32 175 217 
32 191 217 
32 213 217 
32 148 221 
32 170 217 
69 166 218 
69 208 219 
69 190 219 
69 215 219 
69 166 217 
31 186 217 
125 186 217 
31 186 217 
95 186 217 
103 186 218 
121 165 217 
121 200 217 
121 202 217 
121 154 219 
121 189 217 
50 191 221 
50 185 221 
129 189 217 
50 199 220 
50 161 221 
33 153 219 
33 173 218 
61 153 218 
33 153 217 
33 157 218 
33 175 221 
144 175 221 
8 175 221 
39 167 221 
12 175 221 
34 215 219 
34 207 219 
34 157 219 
89 166 219 
101 166 219 
102 154 221 
96 154 219 
102 199 219 
102 154 221 
81 154 219 
44 154 220 
14 154 220 
66 154 220 
64 154 218 
64 154 221 
94 190 220 
94 166 220 
94 200 221 
94 207 220 
100 200 220 
1 182 217 
24 178 219 
83 148 217 
67 190 221 
120 148 217 
138 178 217 
138 216 217 
138 202 218 
138 202 218 
92 202 217 
124 167 218 
107 200 221 
75 200 219 
48 192 219 
107 163 219 
99 208 220 
99 202 220 
80 171 221 
63 205 219 
131 186 217 
121 151 220 
121 151 220 
121 151 219 
121 148 221 
121 151 219 
137 180 218 
86 182 220 
75 202 218 
22 152 218 
22 180 218 
61 178 221 
35 178 218 
61 147 218 
76 189 217 
117 178 218 
76 160 218 
76 161 219 
76 161 220 
3 161 218 
76 172 218 
92 215 220 
92 154 218 
92 198 220 
92 189 220 
92 154 218 
94 167 218 
94 167 218 
94 212 219 
94 212 220 
94 198 218 
72 154 218 
72 180 217 
116 154 217 
72 188 217 
68 154 217 
42 186 220 
42 186 220 
29 186 217 
42 186 220 
42 162 217 
94 170 217 
13 170 218 
94 170 219 
94 170 217 
94 170 219 
115 153 219 
115 163 221 
111 153 221 
19 153 221 
115 178 221 
123 204 218 
95 173 218 
80 204 218 
95 155 218 
92 204 218 
80 154 217 
57 154 217 
15 154 221 
15 199 217 
15 154 221 
20 206 218 
59 206 218 
83 153 219 
94 162 218 
94 213 218 
80 154 217 
7 154 217 
31 154 221 
31 157 217 
22 154 217 
28 199 219 
143 154 219 
135 201 221 
28 154 218 
28 154 221 
39 202 221 
34 148 217 
24 148 217 
91 148 221 
109 148 217 
126 158 218 
36 211 218 
3 158 218 
58 209 217 
106 186 218 
87 210 221 
130 156 221 
87 156 217 
87 190 221 
87 172 221 
135 200 218 
100 200 221 
135 200 218 
8 200 221 
135 166 221 
42 172 221 
124 186 221 
42 185 221 
42 165 221 
86 186 221 
94 154 221 
94 180 218 
94 180 218 
94 190 221 
94 178 221 
117 162 218 
18 162 221 
18 197 218 
18 162 221 
18 162 220 
138 175 219 
138 177 219 
121 202 219 
118 202 219 
139 205 217 
81 163 221 
27 160 218 
17 160 221 
88 160 221 
27 165 221 
115 186 220 
73 186 217 
115 191 217 
115 186 220 
115 168 217 
127 212 217 
127 186 221 
127 191 217 
127 186 221 
69 186 217 
94 204 220 
94 214 221 
51 204 221 
74 204 221 
94 209 221 
50 196 219 
50 196 217 
99 196 218 
14 196 218 
34 196 218 
144 153 218 
144 182 218 
144 203 218 
144 186 220 
144 186 221 
99 154 217 
101 162 217 
7 154 217 
101 214 217 
120 154 217 
140 161 218 
87 161 217 
126 172 221 
87 161 221 
134 161 218 
40 151 218 
133 151 218 
18 192 218 
18 150 218 
18 151 220 
35 154 218 
136 156 220 
35 154 221 
35 154 221 
36 150 219 
103 151 221 
76 179 220 
48 186 221 
48 151 219 
133 151 221 
125 158 221 
106 189 221 
94 158 219 
94 158 220 
95 158 221 
58 186 220 
58 215 219 
58 175 219 
58 186 220 
58 177 219 
55 162 218 
97 162 218 
113 162 218 
101 204 218 
101 178 218 
43 158 218 
43 162 218 
43 179 218 
128 153 218 
43 153 219 
134 155 218 
67 196 218 
124 147 219 
41 196 218 
134 196 220 
115 212 218 
67 192 218 
115 204 218 
115 149 218 
127 192 218 
123 156 220 
80 197 219 
107 197 218 
107 197 220 
7 197 219 
125 181 221 
125 190 221 
125 182 221 
125 171 221 
125 196 217 
86 158 217 
86 168 218 
48 179 218 
86 212 218 
86 158 220 
43 163 217 
43 180 219 
15 207 220 
43 157 217 
43 180 219 
32 177 221 
101 158 221 
32 158 220 
31 175 221 
32 158 220 
87 188 218 
134 188 220 
87 188 219 
87 188 219 
87 165 220 
130 200 220 
135 200 218 
135 157 220 
135 175 220 
135 159 220 
78 200 217 
128 154 217 
102 168 217 
57 154 217 
38 148 219 
77 159 221 
10 153 220 
77 153 219 
77 201 221 
77 165 221 
24 148 217 
106 148 217 
62 148 217 
100 165 220 
144 148 221 
107 201 220 
107 201 220 
108 201 218 
126 201 218 
107 177 218 
125 147 219 
125 199 219 
125 171 219 
142 154 219 
125 215 219 
30 161 218 
32 162 218 
66 162 218 
30 196 218 
98 162 218 
31 201 219 
115 171 219 
115 201 217 
15 201 219 
115 201 220 
30 152 217 
106 188 219 
89 154 217 
90 195 219 
105 154 217 
118 154 218 
118 161 219 
118 154 218 
110 154 219 
116 154 219 
86 151 217 
86 151 219 
86 170 218 
86 153 218 
95 151 218 
90 148 220 
90 148 220 
90 191 217 
127 148 217 
63 215 218 
96 211 218 
92 190 218 
92 174 218 
92 150 218 
92 211 219 
128 154 217 
12 157 217 
49 154 217 
132 154 217 
22 154 217 
99 180 219 
99 165 221 
132 169 219 
27 166 218 
98 180 221 
142 196 221 
116 148 221 
85 196 221 
116 196 219 
116 196 219 
144 153 218 
123 182 218 
109 153 218 
16 153 218 
69 158 218 
103 167 218 
103 151 219 
109 179 221 
71 151 218 
103 151 217 
115 160 220 
115 190 221 
115 155 221 
115 184 221 
115 147 221 
85 168 217 
85 194 221 
95 173 220 
85 168 218 
85 152 221 
141 155 220 
39 206 218 
39 177 221 
39 190 218 
13 151 219 
71 214 218 
59 192 217 
71 161 219 
22 161 218 
71 161 220 
62 200 219 
62 200 219 
32 200 220 
43 209 218 
62 200 219 
23 199 219 
72 168 220 
23 176 221 
23 209 221 
23 199 220 
91 153 217 
91 153 217 
91 179 221 
82 153 221 
19 153 221 
4 148 217 
85 148 217 
115 163 220 
78 208 217 
78 182 217 
94 206 220 
94 180 219 
14 155 218 
34 180 220 
94 203 220 
42 191 219 
42 159 219 
87 154 219 
42 154 221 
106 154 219 
38 148 217 
54 148 217 
56 148 217 
60 166 217 
15 184 220 
84 173 221 
84 157 221 
140 212 217 
84 204 219 
84 204 219 
20 193 219 
20 184 219 
20 197 217 
57 197 219 
20 175 219 
63 192 218 
54 153 218 
30 153 218 
63 153 220 
63 159 218 
19 162 218 
19 195 219 
19 195 217 
133 195 218 
59 195 218 
126 186 220 
29 186 217 
65 186 217 
126 186 220 
126 186 220 
101 176 218 
101 170 220 
101 170 217 
36 170 218 
101 182 218 
92 175 220 
79 178 221 
27 175 221 
92 174 221 
141 163 220 
76 154 217 
132 154 220 
105 150 219 
76 154 221 
76 189 220 
11 175 217 
19 178 221 
19 192 221 
19 151 221 
124 180 221 
115 184 221 
115 185 217 
115 212 221 
115 185 219 
115 162 221 
2 158 217 
2 158 220 
2 207 218 
2 188 218 
2 158 220 
23 203 221 
22 153 218 
145 157 218 
145 169 218 
102 153 218 
32 195 218 
71 195 218 
86 195 219 
79 209 217 
70 161 218 
9 186 218 
115 150 218 
26 203 221 
115 214 218 
115 186 220 
77 158 218 
5 152 218 
5 210 218 
53 178 217 
5 188 218 
126 186 220 
59 186 219 
139 186 219 
126 173 219 
126 186 220 
139 186 219 
79 150 220 
7 186 221 
133 171 221 
127 186 221 
124 169 218 
29 196 218 
124 196 217 
42 196 218 
124 196 219 
61 169 217 
34 206 217 
34 157 217 
34 169 218 
34 169 219 
144 210 219 
94 149 218 
9 208 218 
94 208 220 
94 169 218 
109 153 220 
42 155 217 
115 199 221 
39 199 221 
94 207 221 
86 177 220 
86 154 221 
86 172 220 
86 188 220 
20 154 220 
33 154 221 
104 154 217 
138 154 217 
70 154 217 
22 154 217 
99 162 218 
102 162 220 
33 162 218 
42 162 218 
102 162 220 
43 193 218 
43 161 221 
43 180 218 
43 209 218 
111 202 218 
80 157 220 
35 202 220 
72 202 220 
8 202 220 
80 171 220 
113 151 217 
113 177 218 
113 151 219 
113 151 217 
113 151 220 
73 158 221 
16 158 218 
16 158 218 
71 158 221 
16 153 221 
133 160 221 
33 160 219 
33 169 221 
33 173 221 
135 160 221 
63 157 221 
63 156 217 
37 156 221 
117 191 218 
63 185 221 
96 180 220 
28 180 219 
131 152 217 
102 180 220 
38 180 220 
49 154 219 
92 148 221 
38 216 218 
24 148 217 
92 148 221 
115 200 218 
115 210 217 
120 210 218 
115 210 220 
115 182 218 
81 159 218 
71 195 218 
71 159 217 
9 207 218 
143 159 218 
87 151 217 
125 151 218 
141 193 217 
87 151 219 
87 151 221 
146 160 218 
120 153 221 
78 153 220 
78 181 221 
78 153 219 
85 213 218 
73 159 218 
85 185 218 
85 172 218 
85 159 220 
124 161 218 
4 192 218 
7 161 218 
4 150 218 
4 161 221 
89 157 221 
89 201 220 
89 201 220 
84 157 221 
89 201 220 
17 193 220 
14 203 220 
17 182 218 
17 180 218 
17 193 220 
61 156 219 
61 156 217 
61 156 219 
16 156 218 
61 215 218 
103 170 219 
48 160 219 
103 170 219 
66 170 221 
103 204 221 
50 149 219 
48 149 221 
50 161 221 
7 178 217 
50 149 217 
33 161 220 
33 190 220 
33 154 218 
33 171 220 
93 154 220 
47 159 220 
47 159 217 
47 209 218 
47 149 218 
47 159 219 
99 158 218 
28 158 219 
41 158 218 
60 147 219 
119 167 220 
146 153 218 
7 153 218 
8 210 218 
8 177 218 
8 210 218 
116 186 221 
140 173 221 
36 214 218 
101 196 218 
24 171 219 
64 214 218 
49 214 218 
59 194 218 
70 154 219 
43 197 218 
23 194 218 
135 160 218 
10 202 218 
10 172 221 
10 181 218 
10 172 220 
39 172 218 
103 149 217 
35 185 221 
134 200 217 
103 200 218 
103 200 220 
14 154 221 
14 166 217 
123 154 217 
14 183 217 
14 199 217 
94 183 217 
94 214 217 
94 200 221 
94 200 218 
94 204 217 
88 177 218 
53 147 221 
53 208 217 
126 208 221 
53 160 221 
45 193 221 
26 213 221 
26 193 219 
26 193 217 
95 184 220 
87 170 221 
87 180 218 
87 180 219 
87 180 219 
87 180 219 
68 154 217 
96 210 217 
96 154 218 
96 154 219 
96 215 217 
59 153 221 
11 153 217 
11 153 217 
11 157 221 
140 153 221 
31 191 218 
31 200 218 
31 205 218 
78 192 218 
83 192 218 
42 180 218 
42 180 218 
42 180 219 
42 180 218 
65 147 218 
27 151 221 
34 151 220 
34 151 219 
74 151 221 
118 151 221 
78 173 218 
78 161 217 
78 213 218 
78 190 218 
31 206 217 
76 192 218 
111 153 218 
22 153 218 
76 193 218 
64 153 218 
116 162 218 
11 175 218 
11 162 219 
11 196 218 
138 160 217 
107 180 219 
107 180 219 
39 180 220 
107 180 219 
107 183 220 
17 177 218 
17 192 217 
17 163 218 
75 192 218 
17 192 221 
29 175 221 
42 175 220 
42 210 221 
42 147 221 
114 175 221 
72 154 221 
93 154 220 
121 180 220 
72 213 220 
72 154 221 
122 148 218 
52 148 217 
122 148 220 
122 190 217 
125 206 221 
69 160 217 
69 154 221 
121 160 221 
133 160 221 
69 160 219 
146 154 219 
97 154 219 
68 154 218 
128 154 219 
5 154 221 
27 154 221 
27 171 217 
27 154 219 
57 205 221 
27 159 217 
58 173 221 
58 209 217 
58 212 221 
134 209 221 
58 209 219 
85 169 220 
36 186 217 
112 172 217 
112 181 217 
118 154 218 
57 154 217 
87 154 217 
118 184 217 
102 154 217 
59 180 220 
5 180 219 
5 189 220 
5 176 220 
5 180 218 
76 158 217 
76 165 218 
76 158 219 
76 173 218 
76 214 218 
3 153 221 
64 153 221 
141 153 217 
117 153 221 
141 163 221 
16 188 220 
116 154 220 
144 154 220 
16 204 220 
16 166 220 
26 154 221 
26 159 219 
26 154 218 
26 154 218 
26 192 219 
28 194 218 
107 194 217 
107 194 220 
107 194 219 
107 194 219 
112 167 218 
112 149 218 
14 149 221 
112 191 218 
112 194 219 
8 148 221 
81 148 217 
8 157 217 
8 148 221 
8 199 217 
115 175 219 
95 175 218 
115 155 218 
115 176 218 
102 175 218 
94 157 219 
94 172 220 
94 157 218 
94 150 220 
94 189 220 
101 188 219 
101 186 220 
101 204 219 
101 186 220 
101 192 219 
69 158 221 
121 158 221 
122 158 219 
122 196 221 
122 158 217 
28 154 221 
28 176 220 
28 154 221 
44 154 220 
28 176 220 
11 154 219 
100 188 220 
11 156 220 
11 177 220 
11 195 220 
95 207 217 
95 154 218 
95 154 218 
95 154 218 
73 154 217 
39 192 217 
34 200 217 
34 171 221 
39 209 217 
58 184 221 
14 164 221 
108 195 221 
48 149 221 
22 195 221 
48 203 221 
55 205 221 
112 197 218 
57 175 218 
112 180 218 
112 175 219 
96 202 217 
101 202 219 
96 189 219 
96 202 217 
96 202 218 
22 200 219 
94 179 219 
94 210 219 
124 175 218 
53 200 219 
19 148 220 
19 154 219 
19 154 218 
87 154 220 
19 154 218 
21 214 221 
71 160 221 
21 160 218 
21 209 221 
21 206 221 
112 178 218 
128 178 218 
84 215 220 
12 166 217 
86 172 218 
60 200 221 
128 194 221 
97 194 221 
60 194 217 
60 194 220 
76 154 217 
140 154 221 
140 154 218 
62 154 217 
61 154 217 
97 166 218 
97 186 220 
97 181 218 
97 164 218 
97 164 218 
5 171 221 
40 147 217 
5 194 221 
39 202 217 
5 153 220 
20 157 221 
80 191 217 
53 160 221 
45 160 221 
20 160 220 
74 209 217 
74 154 221 
56 154 217 
71 154 217 
97 154 217 
48 160 221 
102 179 221 
102 193 221 
26 160 221 
118 160 221 
94 156 219 
129 179 217 
23 202 219 
94 196 219 
89 202 219 
29 154 217 
64 160 217 
64 210 217 
64 168 217 
64 154 218 
6 172 220 
6 201 218 
58 172 218 
139 151 218 
36 153 220 
142 175 218 
59 175 218 
4 174 218 
4 175 217 
4 175 220 
119 170 220 
1 183 218 
119 153 220 
128 154 220 
119 165 220 
125 166 221 
69 147 221 
69 165 221 
58 166 221 
69 166 220 
92 182 217 
92 147 217 
92 187 217 
92 150 218 
92 150 219 
76 155 218 
76 206 218 
76 204 220 
71 215 221 
76 204 219 
4 151 220 
4 198 218 
145 151 218 
4 205 218 
4 151 220 
40 161 217 
67 161 217 
94 161 220 
86 161 217 
94 176 217 
107 154 218 
107 171 219 
112 154 219 
107 154 218 
107 162 219 
49 152 219 
50 159 221 
116 158 219 
50 164 218 
118 194 217 
86 206 219 
86 199 221 
86 206 219 
86 206 220 
86 211 221 
63 190 221 
63 151 218 
79 184 220 
15 151 221 
63 151 220 
55 188 220 
112 188 219 
63 188 220 
112 188 218 
123 188 220 
24 154 218 
24 169 217 
24 154 218 
16 161 221 
24 154 218 
87 161 220 
9 202 220 
93 202 220 
121 195 217 
35 202 220 
3 180 217 
86 202 217 
132 180 217 
53 180 217 
74 180 217 
142 188 217 
142 188 219 
142 172 220 
10 188 220 
142 167 220 
140 171 218 
75 198 218 
136 151 221 
39 183 221 
39 151 220 
115 161 220 
115 172 218 
130 165 217 
115 216 218 
79 161 218 
53 209 218 
53 178 219 
53 177 218 
53 169 218 
53 178 217 
52 213 217 
52 154 218 
69 154 217 
110 154 217 
92 159 219 
71 172 217 
105 181 220 
112 159 221 
112 162 221 
139 166 219 
76 166 218 
76 166 220 
76 166 220 
76 149 219 
112 164 218 
2 208 219 
135 186 218 
112 212 218 
112 152 218 
6 188 219 
59 159 217 
141 159 218 
96 159 218 
59 171 218 
88 154 219 
115 150 219 
115 154 218 
112 154 219 
115 195 219 
78 215 219 
116 200 219 
78 200 218 
78 147 219 
25 200 219 
27 213 220 
79 213 220 
88 213 217 
88 213 218 
88 206 220 
41 173 218 
41 152 218 
28 162 218 
41 159 218 
9 162 218 
44 154 220 
102 150 220 
102 154 218 
102 211 220 
102 172 220 
36 186 218 
36 161 219 
36 161 219 
136 161 218 
36 161 220 
18 186 219 
26 186 219 
103 162 219 
103 186 220 
12 186 219 
104 169 219 
54 196 220 
54 154 221 
54 154 218 
54 154 221 
44 154 220 
110 154 220 
94 198 220 
44 154 220 
94 179 220 
2 196 218 
2 197 218 
2 174 218 
2 150 218 
2 150 218 
5 166 217 
5 180 218 
5 180 218 
5 216 217 
26 180 217 
119 154 221 
119 206 217 
119 154 218 
32 154 217 
48 154 217 
103 157 217 
103 212 219 
103 204 217 
46 212 217 
36 212 217 
63 202 217 
63 163 219 
63 202 217 
63 202 218 
63 202 218 
91 153 219 
91 170 218 
91 155 218 
102 153 218 
91 148 218 
86 149 221 
32 149 218 
32 149 220 
25 149 221 
32 149 219 
86 205 219 
71 179 221 
86 152 219 
86 154 218 
86 148 219 
50 183 219 
73 186 219 
50 186 220 
51 186 219 
50 186 221 
112 155 218 
9 155 221 
112 155 218 
105 155 221 
86 155 221 
118 200 221 
112 200 219 
116 200 221 
99 150 221 
112 182 221 
71 186 217 
135 212 221 
87 183 217 
94 186 217 
87 182 217 
60 169 220 
83 154 220 
60 154 221 
60 196 220 
60 153 220 
77 204 217 
77 204 220 
20 204 221 
77 204 219 
77 204 220 
92 216 217 
92 173 217 
92 201 217 
133 169 217 
29 169 217 
11 181 217 
11 154 219 
11 162 217 
11 154 218 
11 154 218 
122 186 218 
88 178 218 
95 178 218 
9 178 218 
60 178 218 
92 210 219 
92 210 219 
63 194 219 
136 210 218 
92 205 218 
39 158 220 
39 154 221 
39 162 220 
39 209 220 
39 154 218 
3 161 218 
26 161 221 
26 181 218 
26 209 218 
116 161 218 
119 161 219 
119 157 219 
119 170 219 
119 166 219 
119 175 219 
103 156 219 
22 156 218 
103 156 219 
103 202 218 
29 156 218 
57 160 221 
85 210 220 
83 160 221 
78 160 220 
78 209 221 
146 165 219 
146 165 220 
34 211 221 
146 214 221 
146 149 221 
40 212 218 
19 212 218 
47 212 218 
97 206 217 
68 212 218 
69 197 220 
127 197 221 
69 186 221 
78 197 221 
11 166 217 
137 154 218 
46 154 217 
137 154 221 
58 197 221 
137 214 217 
115 158 219 
115 158 220 
144 158 218 
42 158 218 
115 148 218 
15 183 217 
126 148 217 
15 150 217 
15 166 217 
54 148 217 
70 176 218 
70 151 217 
70 210 218 
70 151 219 
70 207 218 
12 159 219 
142 159 218 
12 155 218 
12 176 218 
12 159 219 
143 159 218 
2 147 218 
2 184 218 
2 170 218 
2 159 219 
72 205 218 
72 215 218 
68 161 218 
72 209 218 
44 161 218 
146 169 217 
44 169 217 
106 169 217 
112 181 217 
112 169 218 
1 151 217 
1 151 220 
77 151 218 
1 168 218 
21 151 218 
5 211 218 
115 198 218 
115 204 218 
115 211 219 
115 211 217 
34 157 221 
34 200 218 
34 163 221 
34 200 218 
34 200 217 
34 169 219 
34 154 221 
23 164 221 
34 167 219 
5 154 219 
101 163 217 
115 163 221 
115 213 217 
127 163 217 
90 163 217 
103 186 218 
50 186 221 
50 167 218 
50 186 220 
50 186 220 
92 150 218 
76 186 218 
92 186 219 
92 186 221 
92 205 218 
69 210 221 
92 154 221 
35 210 221 
45 210 221 
92 195 221 
139 187 217 
45 205 219 
139 186 220 
75 186 217 
139 202 217 
142 169 218 
93 186 221 
119 186 219 
119 194 221 
36 186 221 
131 151 217 
131 195 221 
131 151 217 
131 151 217 
131 151 217 
96 154 219 
109 154 220 
32 207 217 
96 154 218 
82 154 220 
122 151 217 
38 154 219 
94 154 221 
133 154 219 
17 180 220 
86 199 221 
117 199 218 
86 199 220 
86 199 220 
84 206 219 
52 188 218 
52 201 217 
52 201 220 
52 213 218 
52 201 217 
52 176 218 
47 154 220 
50 154 220 
43 154 221 
103 171 217 
4 176 221 
16 176 218 
4 176 219 
4 176 221 
82 147 219 
38 176 220 
62 176 218 
38 153 218 
38 187 218 
38 179 218 
28 210 217 
107 162 219 
19 162 218 
107 162 220 
107 162 219 
101 200 218 
53 200 219 
101 164 219 
128 200 219 
39 216 219 
112 160 219 
112 190 219 
18 154 221 
82 154 220 
18 209 220 
87 154 220 
142 197 220 
110 199 220 
65 168 219 
122 175 219 
136 214 218 
51 182 221 
2 151 217 
2 151 217 
2 182 218 
81 204 218 
2 151 219 
29 154 219 
136 154 219 
98 154 219 
137 154 221 
137 189 219 
32 180 217 
89 180 217 
62 180 221 
54 180 217 
62 210 217 
133 180 220 
56 160 221 
3 160 217 
3 204 221 
3 188 221 
107 168 217 
107 168 219 
97 168 221 
107 152 221 
59 168 221 
117 154 217 
34 154 218 
85 154 217 
34 154 221 
34 202 217 
89 201 217 
72 201 219 
89 200 219 
81 201 219 
89 164 219 
51 147 221 
51 188 221 
51 153 219 
51 153 217 
100 153 221 
3 154 221 
86 183 219 
3 154 218 
3 154 218 
127 195 220 
19 148 217 
87 148 220 
106 148 217 
103 148 217 
87 156 217 
13 161 220 
91 154 220 
13 182 220 
13 154 218 
31 216 217 
81 186 218 
127 178 218 
127 186 220 
127 188 218 
127 186 220 
11 154 219 
108 186 219 
34 171 217 
11 186 218 
5 186 219 
18 148 218 
137 199 219 
18 203 218 
18 170 218 
18 172 219 
139 195 218 
131 195 218 
30 195 218 
48 183 218 
77 195 218 
87 152 221 
38 152 221 
67 152 221 
93 216 217 
139 152 220 
13 181 218 
13 151 219 
71 151 218 
91 200 219 
13 151 219 
48 194 221 
76 194 221 
107 190 221 
107 194 217 
91 194 221 
103 214 217 
103 169 218 
103 183 218 
27 214 218 
28 214 218 
57 202 220 
16 202 220 
23 169 220 
23 202 218 
38 202 220 
44 153 221 
38 153 221 
95 153 217 
44 153 221 
146 178 221 
62 148 218 
62 150 218 
62 173 218 
62 161 221 
128 202 218 
127 198 217 
89 198 221 
35 198 221 
127 198 217 
127 198 220 
8 207 221 
8 213 221 
8 153 220 
8 153 220 
8 163 221 
144 211 218 
92 215 219 
124 215 221 
92 215 217 
73 195 221 
51 171 219 
118 190 217 
88 210 218 
83 151 218 
88 151 220 
53 172 218 
38 195 218 
38 172 220 
136 172 218 
38 172 217 
94 206 217 
94 206 220 
140 206 221 
94 206 219 
94 184 221 
104 196 217 
112 196 218 
130 196 218 
104 180 218 
104 196 220 
132 186 220 
132 186 220 
132 186 220 
132 150 219 
118 215 220 
14 187 221 
31 151 218 
131 151 219 
131 170 218 
131 151 219 
132 154 221 
132 186 220 
104 186 221 
3 192 219 
132 170 221 
107 169 218 
10 169 221 
107 165 221 
40 169 221 
107 188 221 
135 188 221 
74 180 221 
140 180 221 
135 180 217 
135 180 217 
98 209 217 
98 209 220 
1 209 221 
83 147 221 
6 209 221 
79 200 221 
20 189 221 
20 200 218 
20 200 220 
105 200 221 
96 154 219 
123 154 218 
146 154 219 
123 154 221 
123 189 219 
42 186 220 
42 186 220 
42 174 218 
42 186 220 
106 186 218 
14 189 219 
14 167 219 
40 154 219 
138 154 219 
138 154 219 
135 154 218 
135 165 219 
135 211 219 
135 154 218 
99 193 218 
48 158 218 
91 190 218 
91 205 218 
14 158 218 
91 191 218 
134 161 218 
146 147 221 
24 161 219 
24 157 218 
24 182 218 
112 161 217 
136 166 217 
144 152 219 
112 197 217 
112 165 217 
5 153 219 
5 188 218 
29 158 219 
5 204 218 
27 153 218 
51 170 218 
51 161 219 
51 178 218 
139 161 218 
51 167 218 
135 215 219 
115 200 219 
115 199 221 
115 200 219 
96 200 221 
110 211 221 
78 211 221 
115 211 220 
115 211 217 
121 151 220 
1 177 218 
145 149 218 
1 149 221 
90 186 220 
78 149 218 
43 197 217 
46 148 217 
43 148 220 
43 207 217 
17 148 217 
84 151 217 
84 151 219 
82 151 218 
84 151 220 
84 151 217 
92 173 218 
103 178 218 
14 178 218 
92 194 218 
92 178 219 
63 198 220 
62 154 220 
63 189 220 
63 154 219 
63 201 220 
94 189 221 
99 189 221 
18 189 221 
127 189 221 
112 187 221 
105 180 217 
73 180 217 
112 209 217 
54 180 217 
112 180 218 
50 196 219 
67 196 221 
50 211 221 
56 149 220 
50 208 221 
65 148 217 
72 165 217 
72 148 221 
72 173 217 
67 148 217 
20 154 220 
26 154 221 
5 176 221 
144 154 217 
26 154 218 
90 154 219 
84 154 220 
84 164 219 
84 198 219 
84 155 219 
27 180 220 
12 180 220 
79 203 220 
79 180 218 
79 176 220 
51 154 221 
87 175 220 
126 154 217 
81 154 217 
51 154 218 
78 151 220 
105 151 221 
78 203 221 
44 151 221 
103 151 221 
94 186 217 
74 186 221 
73 186 221 
94 186 217 
72 186 221 
6 150 218 
6 178 217 
64 178 218 
6 178 219 
6 178 220 
89 195 217 
77 199 217 
77 154 218 
108 154 217 
77 210 217 
5 207 221 
5 180 218 
130 180 221 
5 199 221 
107 162 221 
143 168 218 
140 168 221 
143 168 217 
143 148 221 
143 192 221 
9 196 220 
9 203 220 
9 154 221 
9 197 220 
9 154 221 
24 160 218 
70 178 218 
24 168 218 
24 178 221 
24 192 218 
94 194 219 
94 194 219 
94 194 217 
94 200 221 
94 148 221 
116 148 217 
3 152 217 
3 148 221 
3 192 217 
3 202 217 
86 209 217 
86 167 219 
86 209 217 
86 162 219 
86 193 219 
78 154 221 
78 154 221 
127 154 219 
78 154 221 
78 180 219 
138 214 220 
138 152 220 
138 202 218 
14 202 220 
93 202 220 
42 215 217 
94 198 221 
48 168 221 
94 168 217 
94 149 221 
111 154 219 
79 154 219 
98 154 219 
57 154 219 
24 154 218 
28 196 220 
8 160 221 
8 162 221 
8 182 221 
20 151 221 
1 154 218 
1 167 217 
82 154 217 
17 154 217 
1 154 221 
87 202 217 
87 202 218 
32 202 221 
57 165 221 
87 202 217 
23 148 220 
23 148 221 
23 166 217 
23 148 221 
27 148 217 
141 156 221 
2 156 217 
28 156 221 
12 156 221 
105 156 221 
63 175 218 
63 158 219 
40 158 218 
90 158 218 
49 158 218 
145 153 219 
145 154 221 
145 153 219 
39 153 221 
94 153 221 
96 176 221 
95 176 218 
96 174 218 
96 176 219 
96 175 218 
42 197 221 
80 180 221 
42 181 221 
139 197 217 
42 148 221 
91 154 221 
81 154 217 
91 154 221 
94 154 218 
91 213 217 
107 174 218 
107 172 218 
31 208 221 
131 209 218 
32 194 221 
43 186 221 
43 186 221 
43 186 220 
3 186 219 
43 215 219 
91 159 221 
107 159 218 
91 159 219 
141 159 218 
30 159 218 
29 158 221 
39 158 219 
39 148 221 
39 202 221 
134 158 221 
49 154 217 
22 154 217 
85 154 217 
41 159 217 
25 154 217 
54 169 221 
120 161 217 
112 169 219 
74 169 221 
112 169 218 
135 212 220 
135 180 219 
133 180 220 
126 180 220 
71 180 220 
63 155 217 
105 154 217 
30 167 219 
63 164 217 
63 150 217 
87 188 218 
115 170 218 
115 209 217 
115 209 220 
115 176 218 
125 200 217 
125 200 218 
125 200 217 
58 147 217 
125 190 220 
102 211 217 
45 211 221 
102 198 221 
73 211 221 
4 211 221 
117 191 220 
64 153 219 
4 191 220 
94 191 218 
26 204 220 
45 148 217 
5 148 217 
55 197 217 
103 148 217 
52 148 217 
95 158 220 
31 214 220 
95 180 220 
95 189 220 
80 154 220 
72 149 221 
24 160 221 
143 160 221 
72 192 221 
72 160 218 
117 149 219 
69 177 217 
69 177 219 
2 177 218 
95 178 219 
12 210 218 
78 210 218 
103 210 219 
79 210 218 
82 185 218 
137 177 218 
135 154 217 
135 158 220 
135 169 220 
104 154 220 
33 151 221 
38 151 221 
1 151 219 
1 151 217 
1 203 221 
118 151 221 
60 151 217 
60 151 217 
117 151 221 
60 151 220 
127 154 219 
1 201 219 
67 154 219 
80 184 219 
112 154 219 
133 153 221 
63 171 221 
63 212 221 
19 153 221 
2 153 221 
33 189 221 
33 200 217 
102 200 221 
33 200 217 
33 200 218 
58 156 221 
61 153 218 
125 156 221 
34 156 221 
26 156 221 
3 154 218 
124 163 220 
23 154 220 
132 154 220 
146 192 217 
115 196 220 
115 173 221 
115 195 221 
68 173 218 
115 204 221 
23 175 218 
103 153 218 
23 200 218 
132 153 218 
23 209 218 
36 192 220 
36 147 220 
36 154 218 
36 157 220 
117 154 220 
116 154 219 
3 156 219 
3 154 221 
3 154 221 
79 154 219 
116 201 219 
92 201 220 
38 171 219 
92 167 219 
92 201 220 
123 148 218 
123 196 217 
123 148 220 
123 178 217 
123 203 217 
94 157 221 
137 170 221 
41 170 221 
94 170 220 
97 170 221 
113 176 219 
113 198 219 
61 154 219 
113 154 221 
113 158 219 
14 177 221 
16 177 218 
100 177 218 
72 177 218 
14 211 218 
29 154 220 
103 154 220 
48 154 220 
82 154 220 
40 187 220 
8 215 218 
8 186 218 
8 205 218 
146 183 218 
8 170 218 
20 200 218 
141 166 220 
15 200 219 
114 200 219 
26 200 219 
18 154 221 
18 154 218 
55 154 219 
82 154 219 
145 154 219 
61 201 221 
21 201 217 
21 214 221 
21 173 221 
21 148 221 
51 151 218 
108 151 218 
121 151 217 
121 210 218 
136 151 218 
101 168 218 
101 196 218 
135 175 218 
39 175 218 
101 175 217 
9 162 218 
27 162 219 
123 162 218 
40 162 218 
91 193 217 
50 177 217 
84 182 217 
50 177 217 
50 177 219 
60 177 218 
133 158 218 
43 158 218 
13 184 218 
13 196 218 
13 152 218 
84 162 218 
55 185 217 
62 153 218 
42 168 218 
42 153 217 
3 157 217 
112 170 220 
91 180 220 
49 180 220 
112 216 220 
103 179 218 
103 176 221 
103 175 218 
33 176 218 
37 164 218 
106 172 218 
135 212 218 
17 172 218 
135 199 218 
40 172 218 
21 166 218 
128 166 221 
103 166 221 
21 207 221 
21 168 221 
131 161 218 
75 161 218 
101 161 217 
101 167 218 
101 160 218 
87 172 217 
87 172 219 
106 172 218 
87 172 221 
138 172 218 
11 204 218 
38 192 218 
42 204 218 
110 204 218 
38 209 218 
132 148 217 
110 178 217 
110 148 218 
48 191 219 
110 165 217 
1 186 221 
107 213 221 
67 161 221 
54 180 217 
107 207 221 
7 154 217 
9 203 219 
84 210 217 
84 159 217 
115 152 220 
112 159 219 
112 190 219 
72 155 219 
112 155 218 
112 148 219 
75 147 219 
76 191 220 
75 154 218 
22 154 219 
75 154 218 
92 159 219 
117 154 219 
92 154 218 
47 154 219 
108 154 219 
104 197 221 
20 206 221 
20 197 217 
127 197 221 
41 197 221 
135 203 219 
75 200 219 
135 161 219 
135 196 219 
135 200 218 
4 206 218 
39 153 218 
4 153 217 
4 153 217 
4 153 217 
91 192 218 
91 161 220 
120 214 217 
110 161 218 
91 161 217 
50 153 220 
50 179 221 
50 165 221 
50 153 217 
98 153 221 
74 207 220 
14 210 220 
58 188 220 
45 179 220 
14 188 218 
99 154 217 
2 154 221 
2 189 217 
2 157 217 
16 154 217 
102 202 218 
102 197 218 
107 210 218 
102 210 221 
102 210 219 
103 196 221 
112 196 217 
112 215 221 
112 195 221 
34 196 221 
7 154 218 
25 153 219 
25 147 218 
57 153 218 
108 171 218 
51 206 220 
51 206 217 
51 190 218 
52 156 221 
146 206 218 
120 151 218 
76 209 220 
129 211 221 
5 151 218 
35 188 218 
44 211 221 
131 211 221 
66 211 220 
66 211 217 
66 207 221 
24 194 221 
24 173 221 
24 151 217 
24 151 219 
24 151 217 
87 200 217 
106 200 217 
107 200 218 
107 203 217 
71 200 217 
80 185 220 
39 188 220 
80 188 218 
80 188 217 
99 183 218 
28 201 218 
23 201 218 
55 201 218 
21 201 217 
21 201 219 
84 153 219 
100 203 220 
84 153 217 
84 212 218 
133 153 218 
12 209 221 
133 209 221 
134 209 221 
91 163 221 
110 209 221 
23 170 221 
54 202 221 
22 202 221 
116 202 221 
23 215 221 
140 215 218 
140 179 218 
12 186 218 
85 186 218 
94 202 217 
96 199 220 
36 154 221 
36 154 218 
100 154 217 
65 163 220 
65 182 220 
65 147 220 
14 182 220 
65 154 218 
83 181 218 
26 193 217 
58 154 217 
26 154 218 
26 154 221 
97 202 220 
50 149 219 
50 154 218 
50 212 219 
102 199 217 
94 209 220 
94 153 219 
94 209 220 
1 209 219 
94 162 219 
35 149 217 
35 188 217 
35 201 217 
93 154 217 
35 154 221 
92 179 221 
34 179 218 
23 160 220 
92 198 218 
92 213 218 
135 168 217 
141 154 219 
36 154 218 
36 154 221 
131 183 219 
14 159 219 
82 159 218 
14 159 219 
68 207 217 
82 159 218 
94 197 220 
41 174 220 
52 197 219 
49 197 219 
94 155 219 
140 203 217 
140 183 217 
140 201 217 
39 183 219 
31 153 217 
86 153 218 
31 163 218 
140 153 218 
122 154 221 
100 154 217 
122 192 217 
122 154 218 
122 212 217 
94 149 220 
95 213 220 
66 174 220 
56 200 219 
48 213 220 
126 203 218 
84 161 218 
63 161 217 
63 161 217 
63 187 218 
53 178 220 
85 181 219 
53 154 218 
53 177 220 
53 154 218 
24 204 221 
78 198 221 
133 161 221 
29 205 217 
78 204 219 
94 207 218 
94 158 217 
80 158 218 
136 158 218 
94 158 219 
27 200 217 
20 200 220 
99 200 217 
114 189 220 
32 200 217 
38 154 217 
19 154 218 
19 195 217 
19 154 218 
110 147 218 
108 209 221 
41 209 221 
112 159 221 
112 209 218 
112 209 218 
92 201 217 
92 208 218 
92 201 220 
9 201 218 
98 201 218 
62 153 221 
18 204 221 
18 153 217 
18 153 218 
18 207 221 
118 203 218 
122 184 218 
122 203 219 
6 203 218 
122 203 221 
11 208 218 
11 151 220 
11 151 219 
80 151 218 
74 151 218 
24 199 218 
24 151 219 
24 151 219 
126 151 218 
24 184 218 
75 164 220 
134 157 218 
81 154 220 
70 154 220 
75 153 220 
99 151 220 
47 151 221 
9 151 221 
108 151 221 
99 194 221 
101 159 220 
101 200 218 
133 200 220 
101 200 218 
101 200 218 
94 190 218 
94 150 218 
94 205 218 
94 147 218 
94 204 217 
98 184 218 
77 183 218 
77 153 217 
77 153 220 
20 153 218 
109 148 217 
29 163 217 
29 164 217 
29 148 219 
31 163 218 
23 161 221 
124 188 221 
144 161 218 
23 215 218 
23 161 217 
107 202 217 
107 186 219 
88 161 221 
100 186 217 
107 209 217 
65 154 221 
129 177 219 
65 180 217 
116 210 218 
109 154 217 
122 158 217 
122 200 218 
122 158 220 
117 158 218 
122 204 218 
48 186 219 
140 151 219 
68 186 219 
136 168 220 
136 168 220 
143 167 217 
136 168 217 
2 168 219 
13 158 217 
13 157 221 
12 158 221 
13 157 221 
13 162 221 
116 176 221 
116 215 221 
116 166 221 
116 199 217 
90 199 221 
100 199 221 
104 199 219 
124 199 221 
104 199 217 
104 199 217 
84 209 217 
112 178 217 
133 156 220 
112 175 217 
112 188 218 
20 191 218 
20 149 218 
2 199 218 
144 199 218 
20 176 218 
37 178 218 
106 202 218 
106 178 220 
106 178 219 
106 178 219 
45 184 221 
45 153 217 
75 153 221 
45 153 219 
45 153 217 
95 155 221 
97 154 220 
5 154 220 
126 154 220 
52 212 220 
94 195 217 
94 195 217 
94 190 221 
94 190 220 
94 190 218 
101 198 219 
62 154 219 
101 150 219 
101 148 219 
19 151 220 
107 177 221 
81 197 221 
107 197 220 
54 157 218 
107 197 218 
124 154 217 
25 154 217 
75 148 217 
125 154 218 
125 201 217 
80 152 218 
139 167 218 
40 180 217 
139 152 220 
139 152 220 
102 211 217 
102 211 220 
102 211 220 
102 161 218 
102 189 218 
83 161 220 
83 186 218 
139 161 218 
83 161 219 
83 161 221 
92 172 218 
9 163 217 
25 161 218 
42 161 218 
92 161 217 
115 197 219 
19 197 218 
19 157 219 
10 202 221 
82 197 219 
43 154 218 
70 154 219 
43 180 219 
62 154 219 
43 154 218 
105 162 218 
32 162 218 
88 162 218 
123 215 218 
103 162 218 
51 154 218 
51 164 220 
114 194 217 
132 154 220 
51 154 219 
67 194 218 
67 175 221 
102 175 218 
146 175 218 
67 171 218 
86 211 221 
86 165 221 
86 183 221 
86 170 221 
86 200 221 
85 154 217 
56 177 218 
56 196 220 
3 156 219 
56 196 220 
3 151 219 
3 151 219 
3 151 217 
81 151 218 
36 151 218 
101 200 218 
101 183 221 
2 200 221 
101 213 221 
26 200 221 
139 154 220 
8 154 220 
73 154 221 
59 154 220 
73 154 218 
36 210 217 
26 148 217 
17 181 220 
36 148 221 
36 190 217 
107 214 219 
107 215 218 
10 214 218 
41 185 218 
45 204 217 
92 177 218 
92 171 218 
92 189 218 
110 207 219 
36 196 218 
20 175 219 
20 150 221 
20 181 221 
104 171 217 
20 175 217 
33 173 220 
4 201 219 
129 207 219 
129 201 217 
44 163 217 
114 151 218 
128 151 218 
91 213 218 
142 162 217 
91 151 217 
45 188 220 
59 177 220 
59 211 220 
59 188 219 
59 214 220 
94 188 220 
94 187 221 
19 161 217 
10 187 220 
94 186 220 
112 163 221 
112 201 219 
5 161 218 
74 201 221 
112 201 220 
26 214 218 
68 151 221 
3 151 219 
132 151 221 
140 151 221 
50 153 217 
83 153 218 
50 205 218 
50 171 218 
50 175 218 
75 161 218 
47 161 217 
52 161 218 
47 161 221 
47 161 219 
4 179 221 
101 154 221 
101 156 217 
91 154 220 
46 154 220 
53 170 220 
53 161 221 
100 147 219 
53 191 221 
11 170 221 
121 154 219 
4 150 219 
124 216 220 
4 154 218 
103 154 219 
104 162 218 
102 199 218 
104 199 220 
87 199 218 
102 199 218 
78 191 221 
143 200 221 
78 185 221 
140 200 221 
78 200 217 
17 201 219 
124 154 219 
17 158 219 
120 154 219 
59 154 219 
97 189 217 
34 186 217 
65 186 217 
38 186 217 
97 166 217 
133 194 220 
50 214 221 
101 213 221 
101 214 220 
101 214 220 
5 160 219 
41 215 220 
5 160 220 
17 160 221 
84 160 221 
119 181 218 
119 159 218 
119 158 217 
14 158 218 
119 183 218 
1 175 218 
101 194 218 
101 192 218 
101 186 220 
101 186 220 
115 186 220 
96 186 221 
115 186 220 
115 186 220 
115 191 221 
50 185 218 
70 158 217 
97 158 221 
70 158 220 
21 181 218 
53 170 220 
28 170 218 
53 165 218 
53 170 220 
53 153 218 
109 196 218 
48 162 218 
100 207 217 
58 162 218 
14 173 219 
92 158 220 
51 158 218 
72 158 218 
92 147 218 
92 184 218 
35 186 219 
25 167 219 
25 156 219 
25 211 219 
25 160 219 
118 161 218 
30 161 218 
67 161 218 
12 161 220 
1 161 218 
75 151 218 
60 151 220 
60 151 220 
114 151 218 
60 151 219 
52 204 221 
52 163 221 
135 194 221 
48 189 219 
52 194 219 
32 206 218 
32 153 219 
32 186 218 
32 164 218 
92 216 217 
76 200 220 
134 169 220 
134 187 220 
134 194 220 
134 200 218 
112 208 220 
112 152 220 
2 147 220 
112 147 218 
22 147 220 
98 154 219 
145 154 219 
6 170 219 
6 154 221 
144 154 219 
88 151 219 
113 151 221 
88 151 220 
88 151 220 
88 151 219 
75 186 221 
63 186 221 
58 186 220 
109 186 221 
90 186 221 
82 159 218 
63 159 218 
10 159 217 
10 159 219 
35 159 218 
5 197 218 
5 162 221 
5 162 221 
5 162 217 
5 156 218 
11 151 219 
11 151 220 
33 151 221 
11 181 221 
115 151 221 
112 148 221 
12 202 221 
101 202 221 
112 202 218 
112 176 221 
63 211 218 
38 183 218 
106 183 218 
63 165 218 
31 183 218 
43 177 219 
43 197 220 
116 196 219 
84 213 217 
62 176 219 
128 156 221 
46 151 221 
46 156 219 
46 156 217 
49 156 221 
35 180 220 
62 180 218 
62 180 218 
62 214 220 
80 205 220 
12 153 221 
4 153 217 
4 153 219 
123 181 221 
4 153 217 
115 155 218 
87 178 218 
115 172 218 
115 178 220 
115 169 218 
39 172 219 
39 200 218 
39 200 218 
39 200 218 
39 200 218 
102 191 221 
102 168 221 
102 178 221 
142 183 221 
102 216 221 
34 151 220 
105 151 218 
34 151 219 
34 152 218 
34 190 218 
70 158 217 
70 158 217 
70 158 219 
108 158 218 
87 158 218 
50 185 221 
50 158 217 
50 158 217 
50 158 219 
50 158 217 
77 160 218 
77 160 219 
77 147 221 
77 160 217 
77 160 220 
109 200 219 
51 200 219 
125 200 218 
2 200 219 
125 215 219 
75 214 221 
103 186 221 
103 214 220 
119 214 221 
109 214 221 
112 191 219 
112 209 217 
112 158 219 
63 209 219 
90 158 218 
94 210 219 
40 210 218 
94 150 218 
56 210 218 
87 210 218 
92 216 221 
92 201 217 
117 201 221 
8 201 221 
126 201 221 
81 149 218 
76 216 221 
76 204 220 
76 204 217 
76 188 221 
19 205 221 
139 175 221 
19 169 221 
19 175 220 
19 156 221 
73 154 217 
98 154 219 
73 154 218 
73 154 218 
12 154 219 
25 196 218 
55 203 218 
25 178 218 
65 203 218 
25 203 220 
39 199 218 
67 160 218 
49 151 218 
97 204 221 
39 196 218 
7 161 218 
27 161 218 
8 161 220 
8 176 218 
8 161 221 
65 160 219 
88 198 219 
2 198 219 
112 198 221 
112 198 218 
31 210 221 
116 210 221 
103 215 221 
80 210 221 
103 210 219 
13 162 218 
130 192 218 
4 211 218 
4 162 217 
4 189 218 
37 154 218 
15 164 220 
97 154 220 
91 154 220 
115 154 220 
130 151 218 
99 151 220 
64 151 218 
114 151 218 
99 156 218 
42 159 221 
42 159 220 
42 159 220 
108 159 218 
42 213 218 
15 159 221 
15 159 220 
15 159 219 
15 159 220 
15 159 220 
45 214 218 
62 214 218 
133 214 217 
133 164 218 
58 214 218 
112 161 218 
104 161 218 
15 204 218 
15 198 218 
15 170 218 
116 161 218 
108 161 218 
107 161 218 
18 155 218 
110 161 218 
20 161 218 
55 195 218 
20 195 217 
41 195 218 
40 165 220 
99 180 219 
99 180 218 
98 180 217 
146 180 217 
36 173 221 
1 152 221 
94 202 218 
94 202 218 
71 202 220 
94 161 220 
117 148 221 
117 148 221 
142 148 217 
117 148 219 
117 148 220 
105 159 220 
139 186 219 
95 186 218 
142 186 218 
139 186 220 
95 159 218 
115 176 218 
91 210 220 
115 160 218 
34 159 218 
9 153 218 
35 203 218 
37 153 218 
62 153 218 
35 164 218 
134 188 220 
131 147 220 
131 196 220 
78 188 220 
131 188 218 
2 162 217 
2 148 219 
2 178 217 
2 148 219 
2 173 217 
103 200 218 
82 200 219 
89 182 217 
103 192 219 
5 200 219 
65 189 218 
65 200 218 
23 159 218 
21 203 220 
1 159 218 
106 174 220 
80 201 217 
80 148 221 
80 148 218 
27 148 217 
92 158 220 
92 158 220 
92 158 219 
26 158 221 
49 158 221 
62 196 220 
133 163 218 
62 196 219 
87 157 218 
69 196 218 
137 188 220 
29 188 220 
115 188 218 
115 150 220 
58 188 220 
41 154 218 
41 205 219 
40 154 219 
41 154 221 
41 195 219 
28 180 219 
28 213 221 
63 180 221 
61 180 221 
89 180 221 
63 173 218 
63 159 218 
63 170 220 
63 170 220 
63 170 217 
51 153 218 
128 153 218 
24 153 220 
24 148 218 
24 167 218 
77 177 218 
5 190 218 
66 177 218 
71 177 218 
5 191 218 
31 154 218 
143 154 220 
31 154 218 
20 154 220 
31 200 220 
64 175 218 
140 175 219 
140 175 217 
140 159 218 
140 198 218 
39 154 221 
39 154 221 
39 152 219 
127 154 219 
39 154 218 
6 154 218 
6 153 220 
91 158 219 
124 154 220 
6 154 218 
74 214 220 
74 214 219 
23 183 220 
74 214 217 
74 148 218 
86 168 221 
101 168 217 
126 187 218 
131 168 221 
101 201 221 
78 180 220 
78 180 218 
58 199 217 
57 180 217 
78 213 217 
76 176 221 
76 158 217 
10 158 221 
76 158 217 
111 158 221 
28 166 217 
124 154 217 
28 149 217 
28 179 217 
131 154 217 
12 165 218 
34 177 218 
12 177 221 
59 201 221 
101 215 218 
103 151 221 
103 156 219 
96 156 221 
98 156 221 
57 174 220 
4 174 221 
4 160 218 
89 181 220 
4 152 221 
99 160 221 
132 148 217 
18 148 217 
95 148 217 
126 200 221 
50 148 219 
94 167 221 
130 173 221 
29 173 221 
94 198 221 
54 173 221 
42 186 220 
135 186 219 
52 186 219 
42 186 220 
93 186 219 
6 158 218 
124 182 220 
12 158 221 
6 158 218 
6 157 221 
63 172 218 
76 172 218 
21 159 218 
21 172 219 
21 186 218 
82 191 220 
15 191 217 
128 191 220 
15 207 220 
15 191 221 
94 171 218 
75 171 220 
22 171 220 
94 171 221 
94 168 220 
112 166 221 
112 185 221 
112 214 217 
112 214 218 
112 166 221 
141 204 221 
43 211 217 
113 186 217 
43 186 221 
43 158 217 
122 170 218 
122 151 217 
122 151 219 
122 148 218 
122 151 217 
80 191 219 
14 202 219 
80 202 217 
80 202 218 
80 213 219 
7 161 218 
9 188 218 
102 161 218 
6 161 218 
50 161 218 
115 213 218 
126 151 218 
115 204 218 
115 190 218 
115 151 220 
5 151 221 
28 151 219 
107 151 221 
28 192 221 
28 151 219 
107 159 220 
107 200 221 
69 168 217 
23 200 220 
1 200 220 
107 213 220 
107 188 221 
107 206 220 
107 215 220 
145 188 220 
55 211 221 
112 160 221 
112 165 221 
112 211 217 
138 211 221 
122 196 218 
125 196 219 
125 196 217 
125 176 218 
54 196 218 
93 159 218 
145 159 218 
123 214 218 
123 159 219 
60 159 218 
54 202 221 
94 202 218 
32 202 221 
94 202 218 
94 193 221 
123 153 219 
108 153 218 
134 153 218 
7 153 218 
123 153 220 
10 164 218 
10 151 220 
10 151 220 
10 151 219 
10 164 218 
86 209 217 
86 209 217 
86 173 221 
86 209 220 
86 209 217 
50 150 221 
50 200 218 
50 180 221 
108 168 218 
50 178 221 
20 148 221 
20 148 218 
125 148 217 
20 207 217 
20 148 221 
38 179 221 
19 196 218 
19 196 217 
117 196 221 
93 196 221 
49 154 220 
22 154 220 
62 154 220 
27 209 220 
27 173 220 
115 163 220 
115 200 217 
91 200 220 
48 200 220 
73 203 221 
48 176 219 
13 176 218 
2 215 221 
48 176 221 
48 168 218 
3 209 221 
86 193 218 
86 209 220 
86 157 218 
64 209 218 
107 167 217 
107 184 217 
107 198 217 
107 154 221 
107 175 217 
140 155 220 
140 200 220 
140 183 220 
140 154 221 
141 154 220 
112 210 219 
112 210 217 
132 210 221 
112 210 220 
139 210 221 
15 154 218 
15 176 220 
15 154 221 
15 154 221 
62 154 220 
133 214 220 
133 214 217 
31 214 221 
133 177 221 
133 212 221 
28 201 217 
28 166 217 
33 172 217 
28 175 217 
28 202 217 
91 158 219 
91 196 221 
52 158 221 
91 192 221 
91 216 221 
87 160 217 
106 160 221 
87 160 217 
122 148 218 
87 160 220 
68 154 218 
68 167 220 
68 207 220 
68 154 221 
128 154 220 
64 204 218 
69 192 218 
69 203 218 
69 204 220 
69 204 220 
5 170 218 
5 149 218 
5 178 219 
5 174 218 
60 178 218 
23 199 217 
23 164 218 
46 199 218 
23 182 218 
23 199 220 
96 177 220 
96 158 220 
101 202 220 
96 148 220 
96 212 220 
50 151 219 
50 151 219 
50 151 217 
50 151 219 
50 166 221 
92 180 221 
61 185 221 
92 195 221 
92 177 221 
88 185 221 
103 212 219 
137 212 218 
103 212 219 
103 185 218 
97 212 218 
94 156 217 
94 174 218 
85 156 218 
94 195 218 
55 156 218 
62 195 221 
18 195 221 
109 167 220 
23 195 220 
23 184 221 
52 177 221 
52 166 218 
52 177 220 
87 177 218 
52 177 221 
52 154 218 
52 154 221 
52 157 219 
52 154 218 
52 154 221 
96 161 220 
96 161 217 
82 161 218 
34 161 218 
50 161 218 
134 189 218 
112 189 219 
112 160 218 
88 167 217 
112 213 218 
37 159 221 
37 197 218 
37 159 221 
37 216 218 
37 149 218 
60 203 221 
15 209 221 
20 209 221 
124 209 221 
80 209 221 
87 169 219 
87 166 219 
87 202 217 
87 171 219 
87 202 217 
74 153 221 
96 153 218 
74 153 220 
74 161 218 
74 216 218 
12 154 219 
12 154 218 
73 201 219 
39 212 218 
12 153 220 
130 159 218 
44 195 218 
44 159 221 
44 151 218 
44 159 220 
5 215 218 
63 172 218 
5 172 221 
5 172 219 
5 150 218 
66 191 221 
123 191 218 
139 210 221 
69 210 221 
66 195 221 
39 158 219 
39 161 218 
39 214 218 
141 213 221 
66 205 218 
47 186 220 
140 201 220 
72 158 218 
121 159 218 
31 214 221 
72 159 219 
72 159 221 
60 150 218 
60 194 220 
60 181 218 
56 194 218 
68 209 217 
54 148 219 
142 155 217 
44 155 217 
145 155 217 
112 155 218 
67 148 217 
99 148 219 
65 148 217 
77 148 217 
99 187 217 
21 160 217 
47 148 217 
21 148 220 
21 168 217 
53 148 217 
24 159 218 
78 159 217 
71 165 220 
78 191 218 
78 159 220 
48 154 217 
75 176 217 
75 154 221 
83 154 217 
75 202 217 
119 174 218 
99 164 220 
138 153 218 
119 153 221 
90 153 218 
17 149 221 
66 149 220 
2 189 218 
66 181 221 
66 149 219 
127 186 220 
127 186 221 
66 186 219 
143 186 219 
127 186 221 
54 197 220 
9 171 217 
9 161 217 
9 180 217 
9 148 218 
31 199 221 
31 214 221 
39 153 221 
31 168 221 
31 153 220 
69 201 218 
69 171 218 
69 151 217 
69 151 221 
97 151 218 
54 169 220 
107 161 220 
107 211 220 
107 189 220 
107 169 218 
101 151 217 
101 151 217 
101 174 218 
94 151 218 
108 151 218 
91 211 218 
66 199 218 
66 211 220 
61 193 218 
66 190 218 
67 151 220 
67 209 221 
67 151 220 
67 151 217 
67 151 217 
22 201 217 
110 201 221 
22 205 221 
22 201 220 
22 201 217 
18 154 218 
18 180 217 
18 159 217 
109 154 217 
18 154 218 
20 203 218 
126 196 218 
20 196 217 
20 163 218 
20 196 219 
37 148 217 
70 148 217 
16 164 217 
63 170 217 
63 148 219 
52 209 217 
76 211 221 
92 211 220 
92 173 221 
92 186 221 
135 154 217 
37 154 221 
90 154 221 
59 154 221 
145 208 221 
12 162 221 
12 162 221 
12 205 218 
119 162 218 
31 162 218 
143 154 220 
91 154 220 
69 149 220 
69 165 220 
69 186 220 
45 201 218 
133 210 221 
6 153 218 
122 153 218 
45 181 218 
6 200 220 
146 194 221 
39 207 220 
39 155 220 
76 200 220 
63 149 221 
63 174 218 
63 181 218 
134 149 218 
63 149 221 
24 183 217 
24 183 220 
24 194 218 
38 183 218 
123 183 218 
96 151 218 
62 151 218 
48 151 219 
48 165 218 
48 180 218 
94 164 217 
94 164 218 
94 165 221 
94 164 217 
94 205 221 
100 151 221 
96 151 221 
33 151 221 
43 151 221 
35 186 219 
55 211 218 
55 151 220 
5 151 218 
120 151 218 
55 151 219 
51 166 218 
109 159 218 
139 159 218 
36 192 218 
84 159 218 
15 204 218 
70 204 218 
52 168 218 
52 204 221 
52 170 218 
26 151 221 
101 161 221 
101 163 221 
101 151 219 
61 151 221 
20 184 217 
2 154 221 
2 154 218 
2 154 221 
2 154 218 
50 167 219 
68 159 218 
64 159 220 
64 159 217 
64 153 218 
31 157 218 
55 154 220 
4 154 221 
21 154 220 
4 168 220 
137 194 218 
129 194 218 
69 175 218 
69 208 218 
69 159 218 
26 180 221 
107 184 221 
107 180 219 
16 180 221 
139 180 221 
42 192 217 
84 206 221 
143 151 221 
31 151 221 
9 151 221 
102 190 220 
57 153 221 
69 153 219 
69 207 221 
69 153 219 
14 169 217 
19 169 217 
146 152 221 
117 150 221 
107 167 217 
103 211 219 
11 200 219 
103 211 219 
103 181 221 
103 211 219 
60 162 218 
7 162 221 
7 187 218 
67 162 218 
7 162 219 
94 171 217 
94 193 217 
22 148 217 
94 194 217 
42 198 220 
114 202 221 
80 202 218 
80 202 217 
80 166 221 
80 215 221 
94 192 221 
56 192 218 
41 171 218 
94 162 218 
94 203 218 
43 180 218 
43 209 221 
83 180 221 
43 180 219 
43 204 221 
63 216 221 
102 166 221 
63 211 221 
63 214 221 
63 166 217 
51 196 218 
115 183 218 
143 204 221 
115 196 220 
26 176 219 
79 164 217 
79 178 217 
62 148 217 
97 148 217 
103 148 217 
124 151 218 
127 151 220 
81 151 218 
127 151 220 
61 197 217 
89 201 217 
89 201 217 
125 162 218 
80 214 218 
89 160 218 
92 163 221 
50 199 220 
50 194 218 
50 212 218 
50 199 217 
48 209 218 
48 178 218 
121 172 218 
48 179 218 
48 172 217 
57 193 218 
57 161 217 
13 161 218 
57 161 220 
57 161 217 
143 160 221 
111 167 221 
111 147 221 
111 160 219 
111 152 221 
19 195 217 
19 200 217 
19 180 219 
88 180 217 
2 180 217 
50 212 218 
50 165 218 
50 162 218 
95 149 218 
50 149 220 
47 156 221 
38 156 221 
120 156 220 
120 197 221 
120 156 220 
67 186 219 
97 203 219 
56 186 219 
67 154 219 
97 209 219 
59 178 218 
113 156 218 
113 153 218 
113 154 218 
122 169 220 
115 177 217 
115 177 217 
115 172 218 
115 203 218 
115 195 218 
46 186 218 
58 186 220 
7 185 218 
58 198 218 
33 150 220 
19 154 218 
9 176 218 
19 176 220 
19 210 218 
19 176 220 
25 195 221 
25 186 220 
25 186 217 
56 186 221 
25 186 220 
18 149 218 
22 194 218 
18 194 220 
18 200 218 
11 194 218 
79 148 218 
79 179 218 
79 162 220 
79 162 219 
56 162 218 
84 159 218 
92 216 218 
138 166 221 
92 159 219 
77 159 218 
102 197 219 
40 209 219 
102 209 220 
102 192 219 
102 209 220 
13 162 218 
26 177 221 
129 162 218 
81 187 218 
119 148 221 
84 188 220 
104 196 219 
44 175 221 
104 196 217 
104 151 221 
53 186 221 
78 211 221 
78 186 219 
78 186 219 
125 186 221 
5 154 220 
109 154 220 
112 174 220 
112 158 220 
112 150 220 
77 158 219 
95 214 221 
77 154 221 
77 190 219 
114 154 219 
91 162 217 
142 178 218 
26 162 218 
91 162 219 
102 182 220 
28 196 221 
64 160 221 
28 160 219 
45 149 221 
46 186 219 
78 211 220 
78 178 220 
78 154 218 
30 154 220 
78 202 220 
51 175 218 
96 175 218 
20 171 218 
20 175 219 
16 175 218 
24 181 219 
132 148 217 
128 148 217 
42 148 217 
128 148 217 
90 186 219 
84 213 217 
29 186 219 
89 186 219 
19 186 220 
85 152 221 
38 160 221 
89 160 221 
85 160 219 
85 160 220 
96 154 219 
74 185 219 
81 154 219 
74 154 221 
74 179 219 
66 195 221 
66 167 221 
66 169 221 
66 198 221 
138 212 221 
38 154 217 
105 154 217 
60 171 217 
78 195 219 
60 154 219 
85 200 217 
127 195 218 
29 195 218 
144 209 221 
23 150 218 
40 158 221 
28 158 219 
28 158 219 
28 206 221 
28 158 217 
2 208 218 
2 156 220 
90 156 218 
136 156 218 
2 156 219 
26 159 218 
94 160 218 
75 159 218 
9 173 218 
85 163 219 
101 186 220 
101 186 220 
101 186 220 
28 186 217 
101 178 217 
116 161 218 
75 191 218 
106 161 218 
58 161 221 
74 161 218 
43 152 221 
43 197 218 
43 160 221 
43 161 221 
145 197 221 
70 159 220 
103 159 218 
70 167 218 
70 187 218 
70 159 220 
100 212 221 
103 163 221 
103 212 220 
103 212 220 
103 167 221 
112 175 217 
34 175 221 
112 163 221 
112 175 217 
112 175 220 
101 172 217 
72 172 218 
101 172 219 
101 163 218 
14 172 218 
34 204 221 
93 153 221 
102 153 221 
137 196 219 
121 198 221 
35 170 219 
93 154 219 
35 192 219 
35 175 219 
109 154 219 
116 207 218 
116 196 217 
116 185 218 
116 196 217 
116 196 219 
9 156 219 
9 154 221 
9 156 219 
9 154 221 
87 154 219 
