2708 1434
0	1	2	
3	1	
4	5	6	1	
1	5	7	8	9	
10	1	
11	1	12	
13	14	15	1	
16	1	17	18	19	
20	1	21	
22	1	23	24	25	
26	1	27	
28	1	
29	30	1	31	32	
33	1	34	35	
36	37	1	38	
39	40	1	41	
22	1	
42	32	43	1	
1	44	
45	1	46	47	
42	1	48	
49	1	50	51	
1	52	
26	1	53	54	
1	55	
22	1	
1	56	57	
58	1	59	60	32	
42	61	1	62	
63	37	1	
37	1	
64	1	24	65	
10	66	1	67	
1	68	
69	1	
70	1	
10	1	
10	8	1	
31	32	22	1	
10	1	
31	32	22	1	
71	72	1	7	73	
42	1	74	75	
22	1	76	77	32	
1	7	
31	32	22	1	
78	1	
79	14	1	80	
81	1	82	54	
1	83	
1	56	57	
31	1	
1	44	
1	84	85	86	87	
1	88	89	
1	15	90	2	91	
0	1	2	
92	93	1	39	
1	94	95	96	2	
97	35	1	90	
1	27	
1	98	99	
16	1	100	101	102	
1	57	96	
103	1	
1	104	105	
106	1	107	
108	1	32	
109	1	89	41	
16	1	
14	1	
32	1	27	102	
1	110	
1	57	
111	1	112	
1	113	
1	50	
49	114	1	50	
1	50	
32	1	
115	1	
73	1	7	
31	116	1	77	
29	1	117	
14	27	1	
1	81	118	54	
37	1	89	
1	54	
10	31	1	
1	119	
1	41	120	121	
17	1	
16	1	119	
37	1	
1	122	
32	1	123	
42	124	1	61	
1	125	56	80	57	
22	1	
1	111	54	2	27	
1	126	
32	1	127	
22	1	
1	27	
29	1	128	
129	1	
10	1	
1	130	131	
26	132	1	133	
26	1	134	
22	1	135	116	8	
1	15	136	137	
138	1	53	139	
1	102	119	
8	1	7	136	
1	2	
132	1	
76	1	134	140	
141	1	
32	1	
37	1	
37	1	
37	1	
142	37	1	143	
22	1	
144	72	1	
73	1	
3	1	145	
144	37	1	72	
22	1	134	
61	1	146	133	
1	147	
1	56	148	10	44	
149	1	98	150	
10	1	
1	151	
29	152	153	1	
1	126	123	
114	1	51	49	50	
1	154	
1	5	
155	1	10	32	156	
157	1	158	
1	27	159	
32	1	89	
78	160	161	162	163	
164	165	166	167	79	
166	168	
166	169	170	
166	171	11	172	
166	173	79	174	
166	167	79	173	
166	175	79	167	
166	176	
166	177	79	
166	178	179	180	
166	181	
166	182	
166	183	184	11	
185	83	166	79	11	
166	186	79	83	
166	175	187	188	
166	189	79	83	
166	190	128	11	191	
166	192	79	
193	83	166	52	194	
166	79	
166	195	196	197	
166	195	79	147	
166	198	79	
192	180	166	195	199	
166	198	195	79	11	
166	176	195	200	
166	201	202	79	203	
166	204	205	79	
166	197	79	
83	166	189	79	11	
166	195	
166	83	11	
192	166	206	207	79	
166	173	
208	209	166	210	79	
166	198	186	
147	166	176	79	211	
197	83	166	14	212	
213	180	214	195	215	
195	216	11	217	
204	218	14	195	
185	186	195	
175	195	79	219	
208	83	195	79	11	
178	195	220	
195	221	222	
189	195	79	83	
183	195	
176	79	223	174	
224	225	200	79	11	
226	221	200	196	11	
227	164	228	
227	83	229	
230	107	231	
232	230	233	
234	235	
236	234	
234	235	
236	235	237	
14	79	203	
14	222	
238	239	240	14	79	
241	14	79	
175	14	79	242	243	
14	79	244	
14	245	
246	14	
14	247	
248	249	14	222	145	
250	14	79	
251	14	128	79	252	
253	14	254	
14	79	255	145	256	
14	79	83	
189	14	83	
14	79	11	
257	258	14	259	
260	261	262	
260	208	263	264	
260	251	244	265	
260	251	266	267	268	
260	208	269	
260	208	
260	270	271	272	267	
273	208	274	275	
208	276	
208	251	277	5	267	
208	271	
208	278	
208	279	
208	267	
208	280	281	
282	208	
208	160	283	284	285	
270	208	
160	208	244	
208	263	
208	286	287	
251	208	
288	208	263	
208	289	280	
290	270	208	291	
292	208	293	
273	294	208	
295	208	244	
208	296	
297	208	
273	160	208	298	
208	244	
299	208	300	5	
301	208	
208	302	
208	280	
208	303	304	305	
268	208	306	267	
160	307	208	
308	309	92	310	
311	312	92	
313	92	
92	93	310	245	
155	159	92	
313	314	92	315	
92	316	317	310	
313	315	
313	315	
93	314	245	159	318	
319	320	314	321	
322	323	324	
324	55	325	83	
324	326	
327	324	
249	322	323	
328	2	323	329	
330	331	332	
333	331	
169	334	335	
336	169	337	
169	338	334	
336	339	340	341	
336	342	343	344	
345	346	336	287	60	
341	347	85	336	348	
349	350	107	
351	352	343	344	107	
286	107	117	
353	287	354	355	107	
356	107	
357	107	
358	107	222	
107	359	
341	107	
360	361	362	363	107	
364	107	365	
107	366	367	
363	368	107	
107	369	370	109	359	
371	372	373	370	107	
374	107	120	
375	107	
356	107	
244	376	107	377	
363	107	
107	356	41	
378	379	380	109	107	
202	363	381	382	107	
363	107	383	
356	107	
384	107	383	
107	385	11	203	
244	83	
160	244	386	387	
244	280	281	
388	4	244	389	
244	117	
160	244	
244	110	390	
244	391	
83	392	244	79	212	
244	393	
394	244	
395	244	110	
396	244	
244	5	83	
83	244	397	11	
244	5	
244	272	
244	5	
398	399	281	244	400	
244	401	
388	402	244	403	
244	5	
404	405	244	406	
244	407	
244	5	
408	244	
409	160	410	244	
388	4	244	
83	244	397	11	
160	244	298	
409	244	411	5	
410	244	412	413	
160	408	244	
244	393	
414	244	
160	244	5	
415	376	244	
83	244	416	11	
244	411	
251	244	268	
160	417	244	418	
160	419	244	417	
244	83	199	
160	244	5	
244	5	
160	244	5	
244	5	
160	244	
244	420	
421	224	
422	224	423	
36	224	424	425	426	
224	425	427	295	359	
224	428	429	430	
224	431	432	433	
363	434	224	
224	435	436	437	438	
224	439	440	441	
224	442	41	120	443	
444	224	436	425	445	
446	224	
10	8	
10	22	
10	447	
10	115	448	
10	449	72	
450	451	452	453	
450	454	
450	251	454	
455	450	456	
457	251	376	287	
350	458	90	459	53	
187	460	214	461	462	
311	463	464	
465	466	
311	467	468	
311	469	464	470	
471	469	
471	469	
471	469	472	245	
473	39	474	475	470	
476	350	39	
312	477	245	
478	312	
479	312	480	
479	312	480	
478	312	
312	481	473	
482	477	245	
93	483	310	245	
484	310	245	
321	472	245	
485	486	
485	363	
485	251	487	
488	485	489	490	491	
485	492	
485	493	494	495	
485	363	
496	497	486	498	499	
486	41	500	
486	41	501	502	356	
288	147	486	286	117	
503	504	424	505	506	
178	505	
503	505	504	
155	507	159	505	508	
155	505	509	510	
504	505	
511	379	512	361	363	
350	513	361	363	514	
363	515	516	
363	517	518	109	
363	478	519	
363	520	521	
363	361	522	
363	523	
520	524	525	363	508	
363	520	508	
363	526	
363	527	203	
517	518	528	363	109	
517	529	363	109	514	
363	517	109	514	
511	530	531	362	363	
363	532	533	534	
363	507	
85	348	535	
85	370	536	287	
120	536	85	86	537	
85	538	
85	539	540	541	
85	542	488	543	
85	538	
544	488	479	85	545	
85	538	546	
547	85	548	540	
85	540	
85	370	365	
511	85	360	540	
85	549	
540	539	172	550	85	
549	538	551	488	
538	552	553	231	554	
538	350	488	
487	251	538	555	
488	556	538	489	492	
538	286	
539	492	538	557	
538	495	496	550	
558	86	538	536	
398	559	560	
398	560	561	562	
398	560	563	
398	560	564	
398	560	563	
560	564	565	
563	560	
398	560	563	
563	560	566	567	
398	560	
398	568	569	570	560	
563	560	566	
398	560	563	567	
398	567	563	560	566	
398	560	563	564	
398	560	567	
398	571	572	
398	573	280	
398	574	
398	563	564	567	
398	563	
398	404	
398	563	566	
398	570	575	
398	570	563	576	575	
398	577	563	399	
398	572	
398	396	160	419	578	
398	160	579	
580	280	581	
580	281	
580	280	
580	280	582	281	
280	582	583	281	
280	289	281	
280	281	
404	280	
280	582	281	
584	280	582	281	
280	585	586	
280	582	281	586	585	
587	588	589	590	
588	589	591	251	
592	593	594	595	
595	596	
597	598	596	595	
481	439	441	
599	481	
60	599	481	600	
599	481	
601	475	473	602	
603	473	
482	471	464	477	
604	464	
432	474	601	475	470	
468	467	475	
592	470	
439	470	
605	606	470	
596	470	
607	491	
490	608	491	609	
453	491	
490	608	491	
490	608	
490	610	
490	611	
490	263	
490	251	487	
490	217	
490	612	613	
490	608	614	
490	612	611	
490	608	609	
490	608	609	
607	615	612	490	608	
608	609	612	217	
379	41	616	479	493	
379	361	
617	618	350	379	619	
518	620	621	537	
622	518	430	
518	623	624	625	
518	623	624	625	
518	528	
518	384	
626	375	518	
518	528	
627	518	513	359	
517	518	109	
518	286	
518	384	628	
616	428	
629	630	616	445	443	
616	206	631	
616	632	
616	633	353	634	635	
616	355	
616	535	631	
616	636	353	635	
616	637	
616	632	494	637	
616	492	41	
616	638	353	639	
616	638	353	635	
616	429	428	
544	251	492	640	
380	544	640	
641	544	501	502	494	
479	544	
544	494	642	
643	5	401	
644	5	
5	645	
413	5	411	
5	646	
170	5	
5	407	
647	5	
5	648	
5	489	
5	489	
649	5	650	651	
5	652	
653	5	369	371	
653	5	369	371	
653	5	369	371	
5	654	
655	5	
656	5	612	613	
5	369	
653	5	41	657	
653	5	369	
206	5	11	229	401	
658	5	117	659	
660	5	657	
5	79	661	
656	662	266	5	
663	5	285	
5	664	665	578	663	
5	666	
5	268	667	298	
668	5	
160	5	
5	263	669	
5	670	
671	5	
672	5	673	7	
5	263	
653	657	5	369	370	
201	674	41	675	
676	677	41	
634	41	497	
579	263	41	
165	41	120	678	356	
41	679	
41	680	
41	497	
41	120	
681	41	
356	120	41	497	
356	41	
682	493	555	41	
251	41	
649	375	356	41	
634	356	41	429	
356	683	41	
56	41	684	685	356	
497	41	682	553	640	
350	41	120	
350	41	359	
41	686	687	
497	359	
688	445	497	
493	640	
364	640	492	689	
690	640	
364	640	536	691	
692	640	
147	693	364	365	640	
493	694	203	
695	494	696	
494	697	
370	698	
424	370	427	359	
175	370	83	212	
303	370	
370	699	700	701	
109	370	702	
201	703	704	
705	703	
201	703	706	
183	707	240	228	
183	205	707	240	708	
709	710	711	240	
251	266	240	
221	712	240	
251	355	165	
251	263	713	
251	714	
251	268	
715	251	716	717	651	
718	251	
251	454	
251	719	720	721	
251	270	
251	722	
83	251	422	198	190	
251	266	454	723	
724	251	725	
251	711	266	726	
251	268	454	
251	723	
251	727	
251	589	728	729	
266	730	
724	731	266	
663	266	
460	266	221	732	
266	263	733	734	
735	266	734	736	
737	738	266	
266	739	733	734	
79	83	740	
741	83	189	79	174	
33	83	
295	83	
273	83	
742	83	
83	160	79	11	
743	192	79	83	
79	83	
744	745	693	746	747	
513	202	
202	748	749	521	750	
382	202	
539	202	627	
751	382	202	
203	354	385	202	
752	362	540	
541	540	172	362	
618	693	
744	347	693	
220	753	754	693	
755	347	693	
744	341	693	
540	756	693	757	
352	343	758	693	
693	365	147	
744	693	
347	340	693	
759	760	761	693	
436	437	
435	436	438	762	
435	436	762	763	437	
764	437	
765	437	438	
609	766	
767	609	
768	769	609	550	263	
770	771	654	
290	299	654	
771	654	772	773	
654	772	
573	774	281	
400	281	
573	774	775	281	
724	571	572	776	
571	572	776	
597	596	
777	349	
349	528	778	
349	528	779	
547	340	780	
547	540	
547	746	341	
547	351	
781	717	293	268	651	
781	717	293	268	651	
268	717	
189	81	79	
81	33	189	79	
81	33	189	79	
189	782	
175	79	167	
175	79	783	
175	53	784	212	
785	174	
174	786	222	
167	79	174	
209	197	787	788	401	
286	401	789	790	
396	791	401	792	
401	79	11	
186	197	
793	197	172	
794	467	198	79	795	
198	796	797	
198	508	798	
799	800	801	198	
144	57	198	96	3	
802	803	192	198	
722	180	79	11	804	
192	805	79	
79	782	
241	79	180	
192	806	807	79	808	
241	79	180	
793	358	79	222	
79	212	
785	79	
392	79	
204	192	79	
743	192	79	
79	199	
79	178	809	210	
167	79	
192	79	
201	79	810	
243	79	207	196	
207	182	79	11	243	
192	79	
392	192	811	79	
79	293	
812	813	11	
814	815	11	816	
204	424	11	
11	411	359	
817	818	819	820	11	
821	797	212	
273	822	
429	428	367	823	
434	824	
434	825	
434	528	
649	826	120	
649	826	120	
649	826	120	
649	826	120	
622	375	120	634	356	
443	638	353	635	
443	827	433	
443	637	
828	429	
828	122	
204	358	
829	204	830	222	
831	793	204	177	222	
204	171	832	222	
833	834	
375	512	534	
835	534	512	836	
340	627	
837	524	627	
201	705	627	
627	125	57	
838	839	814	429	
840	429	
841	842	843	844	845	
842	376	
4	376	
4	376	
4	376	
846	610	613	217	
293	725	
847	725	848	461	462	
731	754	725	
725	724	731	461	754	
725	731	849	297	850	
731	851	725	
724	663	725	
852	731	221	725	
724	656	612	731	
724	663	
724	663	662	
853	854	855	856	857	
855	858	454	856	
853	854	855	859	860	
853	855	
860	856	
861	856	862	
853	291	856	
853	861	856	862	
863	856	
854	856	
853	854	860	856	
854	454	
751	532	677	500	
384	864	865	
384	361	
866	340	867	
866	868	867	
866	749	521	869	
866	867	
347	340	868	866	761	
361	870	
871	872	
487	622	296	287	
160	801	873	
801	874	875	
876	877	878	417	879	
880	417	881	418	
882	209	883	180	
817	818	819	884	
695	186	884	
885	886	887	
886	888	889	
886	888	890	891	892	
886	888	887	893	
886	893	
888	893	
894	895	
355	296	492	287	
109	480	896	
109	367	823	
109	897	898	
109	826	
109	539	899	
109	539	359	
109	898	
109	513	
109	539	287	
109	355	
109	898	
109	359	
109	367	823	
573	400	900	
901	900	400	
396	400	
330	902	
330	332	
903	332	
903	332	
904	86	
86	87	
201	905	674	675	
636	905	696	
201	906	907	
201	641	704	790	
201	706	
201	623	790	
201	704	
201	705	
201	908	
3	88	145	
144	3	88	96	
144	3	88	
909	910	911	255	96	
96	912	911	909	
16	913	96	
16	913	96	
914	144	915	70	916	
249	144	917	
88	145	
918	919	
744	347	919	341	
920	919	921	340	922	
923	924	291	
923	291	
925	926	153	927	928	
152	926	153	925	929	
930	931	508	932	
341	385	933	753	
356	874	
934	356	
622	637	356	
744	935	340	
744	340	
744	936	341	
744	348	343	937	
744	938	939	348	937	
744	347	341	
744	940	341	
744	340	
424	941	
424	466	
942	354	286	943	
444	354	944	
354	286	943	
632	945	946	947	948	
949	632	946	950	
951	632	700	946	
632	946	
949	632	946	950	
632	946	
949	632	952	946	950	
657	359	369	272	
206	359	
707	780	203	
953	304	954	
955	956	957	958	
957	959	955	960	958	
955	957	958	
961	903	958	
528	539	
528	155	
372	697	535	
746	962	
746	344	963	343	
963	964	965	966	
948	947	945	248	
940	760	965	967	
548	540	
540	339	964	968	
969	540	
948	945	540	970	
755	540	757	
540	340	971	972	
541	540	
656	540	221	456	737	
973	974	761	
948	455	341	
948	59	341	
948	747	
948	747	172	
940	937	975	939	
341	746	344	343	
746	344	343	
344	343	967	756	
945	976	
589	726	711	
589	726	711	
60	671	292	341	
60	600	
60	904	600	284	
341	539	
341	455	747	
341	344	
341	343	
6	292	298	
125	193	56	977	57	
57	978	977	
193	125	56	57	
125	56	977	57	979	
978	426	52	57	
57	80	
81	193	57	194	
426	978	57	
57	56	80	
125	193	56	977	57	
853	854	863	
854	980	729	981	
982	902	
983	984	786	
983	786	
786	403	984	263	734	
985	786	986	
786	987	988	989	990	
991	992	
991	35	992	
991	993	
993	994	35	
993	35	
97	993	994	35	
995	35	
996	783	
113	32	77	31	129	
31	72	
31	77	
997	998	
999	1000	997	
1001	1002	1003	1004	
1001	1002	1005	1004	
1002	1006	1004	
1001	1002	1006	1004	
1001	1002	1004	
1001	1002	1004	
1001	1002	1005	
430	1007	875	1008	
375	1007	690	532	1009	
622	1007	433	
622	1007	431	
375	1007	1008	532	1009	
1010	1011	1012	
455	340	
1013	340	
348	340	
1014	340	
301	340	
439	1015	
439	1015	1016	
612	613	611	
611	612	1017	217	
1018	1017	1019	217	611	
611	1018	1017	217	
612	1020	217	
1021	612	1022	
800	600	792	
1023	112	
904	1024	1025	
112	284	
1026	284	
1027	1028	284	
927	1029	293	904	112	
1030	1031	112	773	
1032	112	772	
1030	1031	112	773	
1033	1000	
1033	1000	1034	1035	1036	
1000	1037	
1034	1035	1038	1000	
1000	1039	1038	
1033	1000	1040	1035	1038	
1033	1000	1041	
1000	1042	
1033	1000	1040	1034	1035	
999	1043	
999	1043	
178	38	
178	220	
178	220	1044	
809	220	461	754	
1045	1046	
1046	891	
360	531	
656	1047	
712	1047	1048	
1049	1047	712	
678	656	1050	545	
221	539	1051	462	
656	221	
1052	1053	221	
221	460	
221	656	1054	848	
221	899	
364	1053	
1053	1055	713	
793	813	
812	813	
246	259	1056	1057	1058	
1059	259	
58	259	
1060	1061	752	780	
183	707	780	228	
1062	1063	1064	160	298	
160	1063	
160	16	0	
160	298	
160	298	
160	1065	587	1066	
160	1067	1068	
160	1069	
301	263	650	734	
1070	321	320	
1070	1071	
1070	319	599	1072	
319	1073	1074	
319	320	1071	321	
1072	1075	
444	1076	1077	599	1078	
599	308	1074	
321	599	308	
517	599	
1079	599	1080	
599	1080	
167	467	
623	367	1081	1082	
874	367	
367	1083	286	1081	623	
343	964	936	
1084	343	344	
864	383	
1085	425	1086	874	1087	
1088	1085	1086	
272	874	1085	425	
1085	425	272	874	217	
1089	15	
1089	75	15	
1089	15	
16	15	
15	133	1090	
1089	15	
316	310	317	
310	317	
310	317	
942	286	943	
623	1091	1081	286	
286	623	1091	1083	
286	353	635	
1081	286	355	
286	287	
414	1092	407	
1093	1094	1095	427	
839	814	816	
1096	1097	1098	1099	1100	
1101	1102	
1097	1103	1102	1099	1104	
1101	1105	1106	1102	1099	
1099	1103	1102	
1102	1099	
301	1107	263	
301	1108	
520	411	
655	411	
411	507	
526	539	
526	539	
539	1109	287	
304	1110	
269	1110	728	
236	237	
1111	263	
263	946	
1112	1113	263	
1107	263	
826	263	
263	267	
1107	707	263	1114	
1115	263	
649	263	
1116	263	
288	1117	1118	
288	1118	650	
288	1119	261	1120	
1121	1122	1012	
1122	1123	
267	55	133	
690	355	
690	1124	
690	269	
219	823	
758	351	
758	351	
759	761	966	
388	110	
553	231	
375	553	
790	706	
183	1125	
183	707	
183	707	805	228	
183	707	
205	826	1126	
81	52	193	194	
81	1127	
256	374	1128	132	
777	818	248	
1129	297	818	
817	818	819	1130	
1131	456	
755	1132	
124	27	
656	1133	1134	1135	
792	105	
792	1136	
792	1137	293	
297	665	
1138	371	
623	554	84	536	
699	700	946	
1139	946	
172	747	946	
663	1140	946	
663	1140	946	
663	1140	946	
1141	647	946	
641	874	502	712	
501	502	712	
1142	291	1143	
291	924	1144	
924	291	
924	291	
1142	291	1144	
658	1145	
1146	768	1147	1148	769	
607	1148	415	899	
1141	700	699	1149	647	
1150	117	
117	981	
16	18	117	
667	117	
304	305	
304	1151	
1152	752	747	
927	153	929	
927	929	
152	927	925	929	
1153	150	9	
931	1154	1155	
931	1156	
931	1156	
931	1157	1154	
931	1154	1155	
931	1158	1159	1160	1161	
931	1160	1161	1159	
1162	931	1154	1155	
931	1155	
931	1158	1154	1155	
931	1158	1159	
705	294	706	
16	13	
16	0	18	
246	16	22	70	0	
660	1163	
1164	1071	1165	1074	
462	1135	1166	848	
246	4	
4	1167	1168	1169	
4	1168	1170	
1171	1172	4	
17	0	
1140	665	
663	1173	
663	662	664	
663	1174	1066	
809	461	
614	187	
754	187	
754	187	1175	
187	754	1176	
13	12	256	
249	102	1177	256	
145	256	
132	134	256	
1178	1179	21	145	256	
1180	256	145	1178	
145	256	
145	256	
2	256	
1181	1042	
607	1042	1182	1183	
1184	1042	1185	
1164	309	1186	1074	
375	1187	1188	532	1009	
626	375	835	
375	835	512	
375	835	512	
1189	1190	726	1066	
386	1174	
1191	217	
1017	217	
1020	1192	1021	1022	217	
1021	217	
1193	1194	1192	217	
1193	1192	217	
1019	1022	217	
1020	1019	1195	217	1196	
1197	789	
1142	1198	1144	
794	159	
467	794	
1199	0	2	
1199	2	
655	1200	1201	
1202	621	
101	102	
364	541	1203	1204	
364	147	
364	147	
0	1205	
249	0	1206	
623	896	
1207	623	1208	
346	899	
825	232	1209	
914	916	915	1210	
419	1211	
662	664	
1212	1213	662	1214	1215	
1216	1217	
1192	1019	
1218	1219	1220	
1221	1219	
1087	953	1222	
132	74	1223	1224	
132	75	1223	1224	
132	1058	
1225	132	
1226	132	75	
75	1223	139	1224	132	
132	75	1227	
75	74	1223	1224	132	
1228	133	
61	146	133	136	
42	1229	133	
61	146	133	136	
1230	146	1231	136	133	
26	27	133	
26	103	1231	
26	55	784	21	103	
26	55	136	
125	80	
812	52	
67	145	
1232	254	
1233	1234	1235	
1236	1233	1234	1235	
1237	902	
1238	1239	
1238	1240	1138	
1241	302	
1242	44	
1243	692	1244	
527	1245	
1246	1247	
1246	325	
1246	1248	18	
636	526	
636	520	
510	1249	
1250	1103	
1103	1019	1251	
1100	1105	1099	
1105	1252	1099	
1100	1252	1099	
1021	1195	1019	1099	1022	
1253	1204	147	
1254	1255	1056	1244	1256	
1152	1139	1257	
1258	1257	
1259	1257	
1260	1257	
1259	1261	1257	
1207	834	
1262	1263	
1264	1262	
726	386	
1139	747	
1265	1266	
1267	1265	
1268	1269	1265	1266	
1076	1077	
404	990	
1069	1270	
1271	383	
1019	1272	
1273	1274	1019	
1021	1019	1195	
1196	1275	1019	
471	815	
1276	1104	1277	
503	504	
1278	1113	1112	
1279	1280	1281	
1282	317	
892	891	1283	
532	1284	533	
644	1285	
754	1286	
1287	1214	754	1288	1286	
1289	272	
555	272	
1200	272	
605	606	
42	151	
152	153	151	
1290	1291	
1292	899	
1147	899	
32	43	
32	1293	
32	1294	
32	27	102	
32	22	126	123	
29	32	1295	1296	
32	122	27	
1297	603	
1298	386	
89	620	
252	714	
385	1299	
236	1096	
980	1300	981	
980	1301	
980	1300	
980	1302	1301	
55	1223	1303	1304	1305	
1306	1028	667	
42	1305	
42	1304	1223	1307	
1308	1309	
1310	1311	1309	1035	1038	
406	1028	394	1312	
1306	844	1313	
1287	1134	1166	
1314	75	1224	
1134	848	
1134	1212	1135	
1288	848	
1315	1316	1135	1214	
1317	1318	
1201	405	1319	283	1320	
1321	1320	
1322	298	
1323	1324	
1325	1311	1040	1065	1326	
1311	1040	1327	1035	1328	
604	1329	
604	1329	
23	1330	
23	1331	122	
404	405	
896	163	
607	1266	
859	607	1332	
29	1296	134	
1333	1247	
1334	13	1335	
1334	13	1335	
1336	1337	
1151	268	
1338	1339	
135	329	
1340	767	
767	1185	
1268	767	1341	1342	
1343	767	1344	
767	1344	
1345	767	1182	
1346	1347	
1346	1347	
1348	1349	1350	105	
1351	1352	1353	
1352	1353	
1352	1351	
1354	1137	
1355	1356	
1357	1356	
1152	1139	
1031	1358	1359	
1031	727	
1360	1123	
1361	95	
614	1362	
1363	1214	
1275	1273	
955	957	
955	959	
647	699	
1364	1365	
1332	293	
563	399	
1366	714	1367	
714	131	
714	1367	
111	27	1248	917	
1368	1369	
253	1370	254	
1348	105	
1371	53	
563	1372	
563	1172	
1373	1137	
1233	1236	
1374	1236	1235	
1233	1235	
1233	1235	
1375	6	163	
49	51	
665	1376	
115	1377	
115	1378	
1379	1380	
709	591	
1150	1381	
1382	1383	
1384	1303	
71	72	1385	
71	72	1385	1386	
72	1387	
72	1385	67	
1341	1388	
1314	1224	
1389	103	1390	137	
1389	103	1390	137	
139	1391	
1392	139	
1393	1394	
1395	1231	1396	
1230	1396	
1397	1398	
1397	1399	
1397	1398	
1278	715	
1278	781	
1400	1401	1041	
1400	1035	1038	
1402	1403	1401	
1034	1404	1327	1405	
1034	1035	
1034	1035	
1034	1035	1327	
1034	1404	1406	
1407	1034	1404	
1408	1409	
1035	1410	
1035	1327	
1035	1038	1327	
1035	1410	
1411	1412	1413	1037	
1403	1401	
1401	1405	
1414	1415	
449	67	
1416	1417	
1416	1418	
1416	1418	
670	1419	
1420	781	715	651	
1421	781	715	
1422	1423	306	
1424	1425	
1426	1380	
727	1427	
727	1428	
1429	727	1428	
1429	1430	1428	
879	876	878	877	
876	878	
1431	1432	
1067	1068	1433	
1067	1068	1433	
